HMZ572KBE_AFV68428_Suidae_2009.5	P	0.003968254	0.002645503	0	0.007936508	0.003968254	0.002645503	0.001322751	0.003968254	0.001322751	0.003968254
MHA770NNU_AFV68491_Suidae_2009.5	P	0.004021448	0.002680965	0	0.008042895	0.004021448	0.002680965	0.001340483	0.004021448	0.001340483	0.004021448
LRF395AFA_AFV68500_Suidae_2009.5	P	0.003984064	0.002656042	0	0.007968127	0.005312085	0.002656042	0.001328021	0.003984064	0.001328021	0.003984064
NRO384BYK_AFV68509_Suidae_2009.5	P	0.004143646	0.002762431	0	0.008287293	0.004143646	0.002762431	0.001381215	0.004143646	0.001381215	0.004143646
PXX692ZXZ_AFV68437_Suidae_2009.5	P	0.003968254	0.002645503	0	0.007936508	0.003968254	0.002645503	0.001322751	0.003968254	0.001322751	0.003968254
NUW537AHU_AEX63492_Suidae_2009.583333	P	0.003968254	0.002645503	0	0.007936508	0.003968254	0.002645503	0.001322751	0.003968254	0.001322751	0.003968254
NWC517FXJ_AFV68383_Suidae_2009.5	P	0.003968254	0.002645503	0	0.007936508	0.003968254	0.002645503	0.001322751	0.005291005	0.001322751	0.003968254
QFK412KHR_ATE48465_Suidae_2016.969444	P	0.003968254	0.003968254	0	0.007936508	0.003968254	0.002645503	0.001322751	0.005291005	0.001322751	0.005291005
CKO680TUT_ATE48459_Suidae_2017.102778	P	0.003968254	0.003968254	0	0.010582011	0.003968254	0.001322751	0.001322751	0.005291005	0.001322751	0.003968254
ZXL429JWZ_ATE48486_Suidae_2016.969444	P	0.003968254	0.003968254	0	0.009259259	0.003968254	0.001322751	0.001322751	0.003968254	0.001322751	0.005291005
ISW894GSA_AKJ81056_Suidae_2012	P	0.003968254	0.003968254	0	0.006613757	0.003968254	0.002645503	0.001322751	0.005291005	0.001322751	0.002645503
DWP199PXG_ALX29508_Suidae_2013	P	0.003968254	0.003968254	0	0.009259259	0.003968254	0.003968254	0.001322751	0.003968254	0.001322751	0.002645503
XPY476LVE_ALX29943_Suidae_2014	P	0.003968254	0.003968254	0	0.007936508	0.003968254	0.002645503	0.001322751	0.003968254	0.001322751	0.002645503
EKS472PGJ_ALX29253_Suidae_2011	P	0.003968254	0.002645503	0.001322751	0.006613757	0.002645503	0.002645503	0.001322751	0.003968254	0.001322751	0.002645503
BOA751PPO_ALX29439_Suidae_2013	P	0.003968254	0.003968254	0	0.006613757	0.003968254	0.002645503	0.001322751	0.005291005	0.001322751	0.002645503
SAU635WIZ_ALX30295_Suidae_2015	P	0.003968254	0.003968254	0	0.007936508	0.003968254	0.002645503	0.001322751	0.003968254	0.002645503	0.002645503
DON031VME_ALX30024_Suidae_2014	P	0.003968254	0.003968254	0	0.007936508	0.003968254	0.002645503	0.001322751	0.003968254	0.001322751	0.002645503
RIC924LWY_APT36452_Hominidae_2016.75	H	0.003968254	0.003968254	0	0.007936508	0.002645503	0.002645503	0.001322751	0.003968254	0.001322751	0.002645503
UZB993FAL_APT36464_Suidae_2016.75	P	0	0.006711409	0	0.006711409	0	0.006711409	0	0.013422819	0	0
QRL634ROY_AID47994_Suidae_2013.666667	P	0.002358491	0.002358491	0	0.007075472	0.004716981	0.002358491	0	0.002358491	0.002358491	0.004716981
XZG082VZW_AIC64631_Suidae_2013.416667	P	0.003968254	0.003968254	0	0.007936508	0.002645503	0.002645503	0.001322751	0.003968254	0.001322751	0.002645503
OWR884YBF_AKJ81255_Suidae_2011.413889	P	0.003968254	0.003968254	0	0.009259259	0.003968254	0.002645503	0.001322751	0.003968254	0.001322751	0.002645503
ELD235QSY_AER40320_Hominidae_2011.266667	H	0.005128205	0.003418803	0	0.006837607	0.005128205	0.001709402	0.001709402	0.001709402	0.001709402	0.005128205
SSA237UPI_AKJ81707_Suidae_2011.919444	P	0.002590674	0.002590674	0	0.005181347	0.005181347	0.002590674	0	0.005181347	0.002590674	0
CIR424KNT_ADU25465_Hominidae_2009.95	H	0.003968254	0.003968254	0	0.007936508	0.003968254	0.002645503	0.001322751	0.003968254	0.001322751	0.003968254
TAD954JGZ_ALX30036_Suidae_2014	P	0.003968254	0.005291005	0	0.007936508	0.003968254	0.002645503	0.001322751	0.003968254	0.001322751	0.003968254
ZOI636NZK_ATE48515_Suidae_2016.880556	P	0.003968254	0.003968254	0	0.007936508	0.003968254	0.003968254	0.001322751	0.003968254	0.001322751	0.003968254
OJJ107OZA_AKJ82635_Suidae_2011.186111	P	0.003824092	0.003824092	0	0.003824092	0.003824092	0.001912046	0.001912046	0.005736138	0.001912046	0.001912046
OED384NWY_AKJ82919_Suidae_2011.780556	P	0.002512563	0.002512563	0	0.007537688	0.005025126	0.002512563	0	0.005025126	0.002512563	0.002512563
BRC147IAY_AKJ80496_Suidae_2010.894444	P	0.004518072	0.003012048	0	0.009036145	0.004518072	0.003012048	0.001506024	0.004518072	0	0.003012048
HGR155DPG_AKJ81207_Suidae_2011	P	0.004	0.004	0	0.006666667	0.004	0.002666667	0.001333333	0.004	0.001333333	0.004
CMG133EXH_APT36542_Suidae_2016.075	P	0.003968254	0.005291005	0	0.006613757	0.003968254	0.001322751	0.001322751	0.003968254	0.001322751	0.003968254
HXE753ULE_AKJ82623_Suidae_2010.930556	P	0.002237136	0	0	0.006711409	0.004474273	0.004474273	0.002237136	0.004474273	0.002237136	0.002237136
ICE925GLL_APT36623_Suidae_2016.380556	P	0.003968254	0.003968254	0	0.006613757	0.003968254	0.002645503	0.001322751	0.002645503	0.001322751	0.003968254
SDW260KFC_AKJ80920_Suidae_2012.025	P	0.003968254	0.005291005	0	0.006613757	0.005291005	0.002645503	0.001322751	0.003968254	0.001322751	0.002645503
PDK422AZO_AKJ81417_Suidae_2011.877778	P	0.004026846	0.005369128	0	0.006711409	0.004026846	0.002684564	0.001342282	0.004026846	0.001342282	0.002684564
SYZ289BLM_AKJ80413_Suidae_2010	P	0.003994674	0.005326232	0	0.00665779	0.003994674	0.002663116	0.001331558	0.003994674	0.001331558	0.002663116
EXO498LCX_AKJ81441_Suidae_2012.008333	P	0.003968254	0.005291005	0	0.006613757	0.003968254	0.005291005	0.001322751	0.003968254	0.001322751	0.002645503
QNH533RMZ_AKJ81754_Suidae_2012.083333	P	0.003968254	0.003968254	0	0.007936508	0.003968254	0.002645503	0.001322751	0.005291005	0.001322751	0.002645503
ZSQ610ZES_AKJ80836_Suidae_2011.094444	P	0.004076087	0.004076087	0	0.006793478	0.004076087	0.001358696	0.001358696	0.004076087	0.001358696	0.002717391
YGW968EUW_AJI76225_Suidae_2013.038889	P	0.003968254	0.003968254	0	0.009259259	0.003968254	0.002645503	0.001322751	0.003968254	0.001322751	0.003968254
WDU491JRM_CAP57890_Suidae_2005.530556	P	0	0	0	0	0.010752688	0	0	0	0	0
ANC013UFU_AJI76215_Suidae_2013.038889	P	0.003968254	0.003968254	0	0.009259259	0.003968254	0.002645503	0.001322751	0.003968254	0.001322751	0.003968254
QUV089WZI_AIE49815_Suidae_2011.997222	P	0.003968254	0.003968254	0	0.009259259	0.003968254	0.002645503	0.001322751	0.003968254	0.001322751	0.003968254
VDE493QWC_AJI76155_Suidae_2012.852778	P	0.003968254	0.003968254	0	0.007936508	0.003968254	0.002645503	0.001322751	0.003968254	0.001322751	0.003968254
YNY161VRQ_AIE50912_Suidae_2012.011111	P	0.003968254	0.003968254	0	0.009259259	0.003968254	0.002645503	0.001322751	0.003968254	0.001322751	0.002645503
KUL369SLV_ART66959_Suidae_2013.886111	P	0.003968254	0.003968254	0	0.009259259	0.003968254	0.002645503	0.001322751	0.003968254	0.001322751	0.002645503
FMK301VQJ_AJI76095_Suidae_2013.036111	P	0.003963012	0.003963012	0	0.009247028	0.003963012	0.002642008	0.001321004	0.003963012	0.001321004	0.003963012
QXD413VZP_AJI76265_Suidae_2013.038889	P	0.003968254	0.003968254	0	0.009259259	0.003968254	0.002645503	0.001322751	0.003968254	0.001322751	0.003968254
ANW607FAX_ACK57692_Suidae_2008.25	P	0.008658009	0.004329004	0	0.017316017	0	0	0.004329004	0.004329004	0	0.008658009
TFV499IFF_ACK57782_Suidae_2008.166667	P	0.008658009	0.004329004	0	0.017316017	0	0	0.004329004	0.004329004	0	0.008658009
MBE410KUD_ACY06491_Suidae_2009	P	0.003968254	0.003968254	0	0.010582011	0.003968254	0.003968254	0.001322751	0.003968254	0.001322751	0.005291005
HGC301YDR_ACY06489_Suidae_2008	P	0.003968254	0.003968254	0	0.010582011	0.003968254	0.003968254	0.001322751	0.003968254	0.001322751	0.005291005
QCG863XHG_AIT93161_Suidae_2014.008333	P	0.005291005	0.002645503	0	0.007936508	0.003968254	0.002645503	0.001322751	0.003968254	0.001322751	0.003968254
CLP381CGY_ADK26595_Suidae_2006.833333	P	0.003968254	0.005291005	0	0.006613757	0.003968254	0.002645503	0.001322751	0.003968254	0.001322751	0.003968254
DXI262AON_ADY71369_Suidae_2005.075	P	0.003968254	0.003968254	0	0.009259259	0.003968254	0.005291005	0.001322751	0.003968254	0.001322751	0.003968254
NXB749LLA_AIE48506_Suidae_2010.594444	P	0.005284016	0.003963012	0	0.007926024	0.003963012	0.001321004	0.001321004	0.003963012	0.002642008	0.003963012
HHT070NYD_AIE49259_Suidae_2010.869444	P	0.005284016	0.003963012	0	0.007926024	0.003963012	0.001321004	0.001321004	0.003963012	0.002642008	0.003963012
YZT649NJR_AEK86129_Suidae_2010.408333	P	0.005284016	0.003963012	0	0.007926024	0.003963012	0.002642008	0.001321004	0.003963012	0.001321004	0.003963012
JUK816RAP_ACF94706_Suidae_2003.25	P	0.003968254	0.003968254	0	0.009259259	0.003968254	0.002645503	0.001322751	0.003968254	0.001322751	0.003968254
VPA841NMJ_ACR39200_Suidae_2003.772222	P	0.005291005	0.003968254	0	0.006613757	0.003968254	0.002645503	0.001322751	0.003968254	0.001322751	0.003968254
ANT400YEG_AGJ73459_Suidae_2009.880556	P	0.00397351	0.00397351	0	0.006622517	0.00397351	0.002649007	0.002649007	0.00794702	0.001324503	0.00397351
RUW906PIU_AGK24415_Suidae_2009.877778	P	0.002663116	0.003994674	0	0.00665779	0.003994674	0.002663116	0.002663116	0.00665779	0.001331558	0.003994674
GBK397COR_AGK24285_Suidae_2009.877778	P	0.003968254	0.003968254	0	0.006613757	0.003968254	0.002645503	0.002645503	0.006613757	0.001322751	0.003968254
JUC704DRE_ADG01935_Suidae_2010	P	0.003994674	0.003994674	0	0.005326232	0.003994674	0.001331558	0.002663116	0.003994674	0.001331558	0.005326232
LIQ523WUH_ACZ62763_Suidae_2002.113889	P	0.006134969	0.003067485	0	0.012269939	0.003067485	0.003067485	0	0.003067485	0	0.009202454
DLE504ZCH_ALX29403_Suidae_2013	P	0.003968254	0.005291005	0	0.005291005	0.002645503	0.001322751	0.001322751	0.003968254	0.001322751	0.002645503
ELD486PLN_ALX30179_Suidae_2015	P	0	0	0	0.011111111	0	0	0	0.022222222	0	0
NHY606PXK_AKJ81068_Suidae_2012	P	0.004032258	0.005376344	0	0.00672043	0.004032258	0.002688172	0.001344086	0.004032258	0.001344086	0.005376344
HSO118CDP_AGG53096_Suidae_2010.608333	P	0.004037685	0.004037685	0	0.006729475	0.00269179	0.001345895	0.00269179	0.004037685	0.001345895	0.004037685
GNW070MSH_AHI97690_Suidae_2012.063889	P	0.003994674	0.003994674	0	0.00665779	0.002663116	0	0.002663116	0.003994674	0.001331558	0.003994674
VBD865ZWN_AGG53085_Suidae_2010.608333	P	0.003968254	0.003968254	0	0.006613757	0.002645503	0	0.002645503	0.003968254	0.001322751	0.003968254
SWQ956AWX_AFC35416_Phyllostomidae_2009.333333	B	0.005298013	0.006622517	0	0.009271523	0.006622517	0	0.001324503	0.00397351	0.002649007	0.001324503
QRK481DPV_AGX84932_Phyllostomidae_2010	B	0.005298013	0.009271523	0	0.009271523	0.006622517	0.001324503	0.002649007	0.00397351	0.002649007	0.00397351
ZPS629KJE_AKJ81948_Suidae_2012.541667	P	0.005291005	0.006613757	0	0.006613757	0.002645503	0.001322751	0.001322751	0.003968254	0.002645503	0.003968254
VRG088KPZ_ADK48782_Suidae_2010	P	0.005464481	0.003642987	0	0.005464481	0	0.001821494	0.001821494	0.005464481	0	0.005464481
LKT766QZF_ALX29265_Suidae_2012	P	0.004950495	0.007425743	0	0.004950495	0	0.002475248	0.002475248	0.007425743	0	0.002475248
BDH316OBY_AFX88496_Avian_1987.386111	A	0.003424658	0.003424658	0	0.006849315	0.005136986	0.001712329	0.001712329	0.003424658	0.001712329	0.001712329
BXJ817WSR_ADL64055_Avian_2004.144444	A	0.004597701	0.006896552	0	0.004597701	0	0.002298851	0.002298851	0.006896552	0	0.002298851
BAM453IHG_ABV47198_Avian_2005	A	0.006342495	0	0	0.00422833	0.006342495	0.00422833	0	0.002114165	0.002114165	0.006342495
DDJ702IDG_ABV47242_Avian_2005	A	0.006355932	0	0	0.004237288	0.006355932	0.004237288	0	0.002118644	0.002118644	0.006355932
JFR378LCU_ABV47209_Avian_2005	A	0.006289308	0	0	0.004192872	0.006289308	0.004192872	0	0.002096436	0.002096436	0.006289308
YCV970NEF_ABV47176_Avian_2005	A	0.006276151	0	0	0.0041841	0.006276151	0.0041841	0	0.00209205	0.00209205	0.006276151
PQN845GWB_ABV47231_Avian_2005	A	0.006263048	0	0	0.004175365	0.006263048	0.004175365	0	0.002087683	0.002087683	0.006263048
SFE995WKU_ABV47264_Avian_2005	A	0.00625	0	0	0.004166667	0.00625	0.004166667	0	0.002083333	0.002083333	0.00625
AJH297UIF_ABV47253_Avian_2005	A	0.006224066	0	0	0.004149378	0.006224066	0.004149378	0	0.002074689	0.002074689	0.006224066
TCR927KWT_ABV47759_Avian_2005	A	0.006224066	0.002074689	0	0.004149378	0.006224066	0.004149378	0	0.002074689	0.002074689	0.006224066
PVQ519TXQ_ABV47396_Avian_2005	A	0.006224066	0	0	0.004149378	0.006224066	0.004149378	0	0.002074689	0.002074689	0.004149378
QIW041RVN_ABV47132_Avian_2005	A	0.006315789	0	0	0.004210526	0.006315789	0.004210526	0	0.006315789	0.002105263	0.004210526
VRC741ETW_ABV47165_Avian_2005	A	0.006410256	0	0	0.004273504	0.006410256	0.004273504	0	0.002136752	0.002136752	0.004273504
MMZ289BNZ_ABV47143_Avian_2005	A	0.006369427	0	0	0.004246285	0.006369427	0.004246285	0	0.002123142	0.002123142	0.004246285
PCE549FUW_ABV47110_Avian_2005	A	0.006382979	0	0	0.004255319	0.006382979	0.004255319	0	0.00212766	0.00212766	0.004255319
UKB330NDB_ABV47077_Avian_2005	A	0.006224066	0	0	0.004149378	0.006224066	0.004149378	0	0.002074689	0.002074689	0.004149378
XEO886TIY_ABV47099_Avian_2005	A	0.006224066	0	0	0.004149378	0.006224066	0.004149378	0	0.002074689	0.002074689	0.004149378
XKM002UGQ_ABV47088_Avian_2005	A	0.006315789	0	0	0.004210526	0.006315789	0.004210526	0	0.002105263	0.002105263	0.004210526
JNE483IYH_ABV47154_Avian_2005	A	0.006263048	0	0	0.004175365	0.006263048	0.004175365	0	0.002087683	0.002087683	0.004175365
PRJ318RIJ_AGQ83381_Avian_2005	A	0.00617284	0.00308642	0	0.00308642	0.00462963	0.00308642	0.00154321	0.00154321	0.00154321	0.00308642
ECY975JEF_AGQ83383_Avian_2005	A	0.00618238	0.00309119	0	0.00309119	0.004636785	0.00309119	0.001545595	0.001545595	0.001545595	0.00309119
KAX156KQD_AGQ83459_Avian_2008	A	0.005291005	0.003968254	0	0.006613757	0.003968254	0.002645503	0.001322751	0.003968254	0.001322751	0.003968254
YVK725NAB_ABV47033_Avian_2005	A	0.006224066	0.002074689	0	0.004149378	0.006224066	0.004149378	0	0.002074689	0.002074689	0.006224066
NLA150CGN_ABV47044_Avian_2005	A	0.006224066	0.002074689	0	0.004149378	0.006224066	0.004149378	0	0.002074689	0.002074689	0.006224066
EFN030AWS_ABV46873_Avian_2004	A	0.006224066	0.002074689	0	0.004149378	0.006224066	0.004149378	0	0.002074689	0.002074689	0.004149378
GRX160XCD_ABV48177_Avian_2004	A	0.006224066	0.002074689	0	0.004149378	0.006224066	0.004149378	0	0.002074689	0.002074689	0.004149378
NDH118OAA_ABV46818_Avian_2004	A	0.006224066	0.002074689	0	0.004149378	0.006224066	0.004149378	0	0.002074689	0.002074689	0.004149378
FHR691YSD_ABV46840_Avian_2004	A	0.006224066	0.002074689	0	0.004149378	0.006224066	0.004149378	0	0.002074689	0.002074689	0.004149378
FDJ285WDJ_ABV48243_Avian_2004	A	0.006224066	0.002074689	0	0.004149378	0.006224066	0.004149378	0	0.002074689	0.002074689	0.004149378
BOO599WQH_ABV46807_Avian_2004	A	0.006224066	0.002074689	0	0.004149378	0.006224066	0.004149378	0	0.002074689	0.002074689	0.004149378
MAG474MWA_ABV48582_Avian_2001	A	0.006369427	0.004246285	0	0.006369427	0.006369427	0.004246285	0	0.002123142	0.002123142	0.006369427
GPZ165ORO_AHA38475_Avian_2005.311111	A	0.005291005	0.003968254	0.001322751	0.005291005	0.003968254	0.003968254	0.001322751	0.003968254	0.001322751	0.002645503
MEJ003ZCY_ABV48604_Avian_2001	A	0.006224066	0.004149378	0	0.006224066	0.006224066	0.004149378	0	0.002074689	0.002074689	0.004149378
JPL477ZFF_ABV46456_Avian_2003	A	0.006224066	0.006224066	0	0.006224066	0.006224066	0.004149378	0	0.002074689	0.002074689	0.004149378
IFV828NNB_ACA42436_Suidae_2004	P	0.005291005	0.002645503	0.001322751	0.005291005	0.003968254	0.002645503	0.001322751	0.003968254	0.001322751	0.003968254
QFN029SHL_ACY06495_Suidae_2007	P	0.008658009	0.004329004	0	0.004329004	0	0	0.004329004	0.004329004	0	0
IIZ969ANJ_ACY06496_Suidae_2007	P	0.008658009	0.004329004	0	0	0	0	0.004329004	0.004329004	0	0
VQD073WMH_ACN59674_Avian_1999.191667	A	0.007832898	0.005221932	0.002610966	0.002610966	0.002610966	0.002610966	0.002610966	0.005221932	0	0.005221932
TGM108BDI_ACN59744_Avian_1998.302778	A	0.007832898	0.005221932	0.002610966	0.002610966	0.002610966	0.002610966	0.002610966	0.002610966	0	0.005221932
WTW786ZXX_AF508635_Avian_1996	A	0.005128205	0.003418803	0	0.005128205	0.005128205	0.003418803	0.001709402	0.001709402	0.001709402	0.005128205
HXS917LMI_ABV47638_Avian_2002	A	0.006224066	0.002074689	0	0.008298755	0.006224066	0.004149378	0	0.002074689	0.002074689	0.004149378
WLM715JGC_ABV48353_Avian_2001	A	0.006451613	0.002150538	0	0.006451613	0.006451613	0.004301075	0	0.002150538	0.002150538	0.004301075
WTH141RFE_ABV46368_Avian_2002	A	0.006772009	0.002257336	0	0.009029345	0.006772009	0.004514673	0	0.002257336	0.002257336	0.004514673
HCF847QVE_ABV48593_Avian_2001	A	0.006451613	0.002150538	0	0.008602151	0.006451613	0.004301075	0	0.002150538	0.002150538	0.004301075
QKK206OYF_ABV46947_Avian_2002	A	0.006382979	0.00212766	0	0.008510638	0.006382979	0.004255319	0	0.00212766	0.00212766	0.004255319
WHN720LSH_ABV46357_Avian_2002	A	0.006382979	0.00212766	0	0.008510638	0.006382979	0.004255319	0	0.00212766	0.00212766	0.004255319
EIG243OTN_ABV46335_Avian_2001	A	0.006224066	0.004149378	0	0.008298755	0.006224066	0.004149378	0	0.002074689	0.002074689	0.004149378
EQT173IAL_AHB52083_Suidae_2004.916667	P	0	0	0	0	0.0125	0.0125	0	0	0	0
GHK504HIZ_ABV46670_Avian_2004	A	0.006224066	0.004149378	0	0.008298755	0.006224066	0.004149378	0	0.002074689	0.002074689	0.006224066
WBI040NQL_ABV48505_Avian_2000	A	0.006224066	0.004149378	0	0.008298755	0.006224066	0.004149378	0	0.002074689	0.002074689	0.006224066
NNJ970OOM_ABV48560_Avian_2000	A	0.006224066	0.004149378	0	0.008298755	0.006224066	0.004149378	0	0.002074689	0.002074689	0.006224066
UMU871YBB_ABV48516_Avian_2000	A	0.006224066	0.004149378	0	0.008298755	0.006224066	0.004149378	0	0.002074689	0.002074689	0.006224066
UMF169OFB_ABV48538_Avian_2000	A	0.006224066	0.004149378	0	0.008298755	0.006224066	0.004149378	0	0.002074689	0.002074689	0.006224066
JCX715RPP_ABV48483_Avian_2000	A	0.006276151	0.00209205	0	0.008368201	0.006276151	0.0041841	0	0.00209205	0.00209205	0.006276151
TFK722COW_ABV47715_Avian_2003	A	0.006224066	0.002074689	0	0.006224066	0.006224066	0.004149378	0	0.002074689	0.002074689	0.004149378
RDW014SOI_ABV47737_Avian_2004	A	0.006224066	0.002074689	0.002074689	0.006224066	0.006224066	0.004149378	0	0.002074689	0.002074689	0.004149378
KKI424HOV_ABV47385_Avian_2002	A	0.006224066	0.002074689	0	0.006224066	0.006224066	0.004149378	0.002074689	0.002074689	0.002074689	0.004149378
QNE554LXZ_ABV47462_Avian_2005	A	0.006224066	0.004149378	0	0.004149378	0.006224066	0.004149378	0	0.002074689	0.002074689	0.008298755
ORK960USC_ABV47484_Avian_2005	A	0.006289308	0.004192872	0	0.004192872	0.006289308	0.004192872	0	0.002096436	0.002096436	0.008385744
ENL732ONI_ABV47451_Avian_2005	A	0.006224066	0.004149378	0	0.004149378	0.006224066	0.004149378	0	0.002074689	0.002074689	0.006224066
GTL678OTA_ABV47363_Avian_2005	A	0.006382979	0.00212766	0	0.006382979	0.006382979	0.004255319	0	0.00212766	0.00212766	0.004255319
ICR679OHI_ABV47748_Avian_2004	A	0.006224066	0.002074689	0	0.006224066	0.006224066	0.004149378	0	0.002074689	0.002074689	0.004149378
NBH237KKU_ABV47726_Avian_2004	A	0.006224066	0.006224066	0	0.006224066	0.006224066	0.004149378	0	0.002074689	0.002074689	0.006224066
EVM052SHL_ABV47605_Avian_2001	A	0.006369427	0.002123142	0	0.008492569	0.006369427	0.004246285	0	0.002123142	0.002123142	0.006369427
QZM628PNK_ABY81664_Avian_2005	A	0.007272727	0	0	0.010909091	0.010909091	0.003636364	0	0	0.003636364	0.003636364
KLI509YGC_BAJ14570_Avian_2008	A	0.006681514	0.002227171	0	0.008908686	0.006681514	0.004454343	0	0.002227171	0.002227171	0.006681514
ZGH509KCU_AEX92927_Hominidae_1934	H	0.004658385	0.001552795	0	0.007763975	0.004658385	0.00310559	0.001552795	0.00310559	0.00310559	0.004658385
XVB037VGO_AEX92935_Hominidae_1934	H	0.00462963	0.00308642	0	0.00617284	0.00308642	0.00308642	0.00308642	0.00308642	0.00308642	0.00308642
LGA991BTH_AEX92918_Hominidae_1934	H	0.005390836	0.002695418	0	0.006738544	0.004043127	0.002695418	0.002695418	0.002695418	0.001347709	0.004043127
ZTY803FFV_AFM71832_Hominidae_1992	H	0.004784689	0	0	0.009569378	0.004784689	0.002392344	0	0.004784689	0.004784689	0.004784689
CKV128SLD_AFM71799_Hominidae_1979	H	0.002475248	0	0	0.007425743	0.007425743	0.002475248	0.002475248	0.004950495	0.004950495	0.002475248
KRQ571IUI_AGL45447_Suidae_1976	P	0.006915629	0.001383126	0	0.005532503	0.004149378	0.001383126	0.002766252	0.002766252	0.002766252	0.004149378
LWL166WUD_ADZ05853_Hominidae_2009.322222	H	0.00619195	0.003095975	0	0.003095975	0	0.00619195	0.00619195	0.00619195	0.003095975	0
DWJ114WDF_AGR49788_Hominidae_2009.127778	H	0	0	0	0.007194245	0	0	0	0.014388489	0.007194245	0
ZRD820VNV_ATU81624_Hominidae_2007	H	0.005291005	0.002645503	0	0.006613757	0.003968254	0.001322751	0.002645503	0.003968254	0.002645503	0.002645503
PWY501HWA_AFJ76128_Hominidae_2009.586111	H	0.005540166	0.005540166	0	0.005540166	0	0.002770083	0.002770083	0.011080332	0.002770083	0
YCB945SGZ_ADT78905_Hominidae_1953	H	0.004975124	0.00331675	0	0.004975124	0.00331675	0.001658375	0.00331675	0.004975124	0.00331675	0.00331675
FZQ695RHW_ATP61527_Canidae_2015.958333	D	0.003968254	0.002645503	0	0.006613757	0.003968254	0.002645503	0.003968254	0.003968254	0.002645503	0.003968254
TCB721KRF_ATQ39033_Canidae_2015.9	D	0.003968254	0.002645503	0	0.006613757	0.003968254	0.002645503	0.003968254	0.003968254	0.001322751	0.002645503
CIV620GWJ_BAL04273_Avian_2011	A	0.005376344	0.005376344	0	0.008064516	0.002688172	0.002688172	0.005376344	0.002688172	0	0.002688172
TBB378RJW_BAL04465_Avian_2011	A	0.005633803	0.005633803	0	0.005633803	0.002816901	0.002816901	0.005633803	0.002816901	0	0.002816901
WSM804KAN_BAL04659_Avian_2011	A	0.005347594	0.005347594	0	0.00802139	0.002673797	0.002673797	0.005347594	0.002673797	0	0.002673797
ZJF805VLR_BAM21517_Avian_2012.133333	A	0.005763689	0.005763689	0	0.005763689	0	0	0.002881844	0.008645533	0.002881844	0
SVX579FGD_BAM22635_Avian_2012.130556	A	0.005698006	0.005698006	0	0.005698006	0	0	0.002849003	0.008547009	0.002849003	0.002849003
VTO533PLH_BAL04303_Avian_2011	A	0.006465517	0.006465517	0	0.004310345	0.002155172	0.002155172	0.004310345	0.006465517	0.002155172	0.002155172
NYV678HHG_BAL04313_Avian_2011	A	0.006342495	0.006342495	0	0.006342495	0.002114165	0.002114165	0.00422833	0.006342495	0.002114165	0.002114165
IRO137XAS_BAL04293_Avian_2011	A	0.005405405	0.005405405	0	0.008108108	0.002702703	0.002702703	0.005405405	0.002702703	0	0.002702703
IML870SRG_BAL14147_Avian_2011.102778	A	0.005102041	0.010204082	0	0.005102041	0	0	0.010204082	0.005102041	0	0
XGP754UBT_BAL04321_Avian_2011	A	0.005347594	0.005347594	0	0.00802139	0.002673797	0.002673797	0.005347594	0.002673797	0	0.002673797
ZDD635GXS_BAM33977_Avian_2012.291667	A	0.005899705	0.005899705	0	0.005899705	0	0	0.002949853	0.008849558	0.002949853	0
FGP473RFH_AAT65250_Avian_2000	A	0.005509642	0.002754821	0	0.008264463	0.008264463	0.005509642	0	0	0.002754821	0.005509642
RGD216WUA_BAJ83561_Avian_2010.75	A	0	0.008333333	0	0	0	0	0.008333333	0	0	0
ZNY350IWG_AAT65277_Avian_1999	A	0.005434783	0.002717391	0	0.008152174	0.008152174	0.005434783	0	0	0.002717391	0.005434783
CFU583IIO_AAT65254_Avian_1999	A	0.005376344	0.005376344	0	0.008064516	0.008064516	0.005376344	0	0	0.002688172	0.005376344
BJQ345EBM_BAS21834_Avian_2014.666667	A	0.005780347	0	0	0.011560694	0.005780347	0	0	0	0	0.011560694
RXQ706BJJ_AAT65258_Avian_1996	A	0.005347594	0.002673797	0	0.00802139	0.00802139	0.005347594	0	0	0.002673797	0.005347594
UVY750TVD_AHN00247_Avian_1981	A	0.004273504	0.004273504	0	0.006410256	0.002136752	0.002136752	0.002136752	0.004273504	0.002136752	0.002136752
FVZ638LFR_BAS21821_Avian_2014.666667	A	0.004405286	0.00660793	0	0.004405286	0	0.002202643	0.002202643	0.00660793	0.002202643	0.002202643
VNZ977ZDU_AEO52602_Avian_2000.916667	A	0.004889976	0	0	0.007334963	0.009779951	0.007334963	0	0	0.002444988	0.007334963
XDG246HOF_ARG43077_Avian_2009.933333	A	0.005284016	0.002642008	0	0.003963012	0.003963012	0.003963012	0.001321004	0.003963012	0.002642008	0.003963012
AJX667HIJ_ABV46489_Avian_2003	A	0.006224066	0.004149378	0	0.006224066	0.006224066	0.004149378	0	0.002074689	0.002074689	0.004149378
LTV625UUT_AER09388_Avian_2009.166667	A	0.004694836	0.002347418	0	0.007042254	0.007042254	0.004694836	0	0.002347418	0.002347418	0.007042254
ZHK212GKF_AFX88537_Avian_1986.613889	A	0.005633803	0.004225352	0	0.005633803	0.004225352	0.002816901	0.001408451	0.002816901	0.002816901	0.004225352
JRQ051BAZ_AAT65262_Avian_1994	A	0.003067485	0	0	0.009202454	0.009202454	0	0.003067485	0	0.003067485	0.009202454
RZQ127INU_AAT65280_Avian_1994	A	0.002949853	0	0	0.008849558	0.008849558	0	0.002949853	0	0.002949853	0.008849558
FLG573ARS_AFX88624_Avian_1994.605556	A	0.004155125	0.004155125	0.001385042	0.005540166	0.004155125	0.001385042	0.002770083	0.004155125	0.002770083	0.002770083
SMP554DPC_AAT65253_Avian_1991	A	0.00511509	0.002557545	0	0.007672634	0.007672634	0.00511509	0	0	0.002557545	0.007672634
QIR346PEX_AFJ12389_Avian_1984	A	0.00408998	0.00408998	0	0.008179959	0.006134969	0.00408998	0	0.00408998	0.00204499	0.00408998
MCJ793FUN_ADH96158_Avian_2007.591667	A	0.00617284	0.004115226	0	0.00617284	0.002057613	0.002057613	0.002057613	0.00617284	0.004115226	0.002057613
RWA737XSC_AKM14137_Avian_2007.905556	A	0.006960557	0.006960557	0	0.009280742	0.004640371	0.002320186	0	0.002320186	0.002320186	0.006960557
DYZ197OGJ_BAS21815_Avian_2014.666667	A	0.00619195	0	0	0.009287926	0.009287926	0.003095975	0	0	0.003095975	0.00619195
JHV777DMT_ALB07588_Avian_2015.044444	A	0.003717472	0.003717472	0	0.011152416	0.003717472	0	0	0.007434944	0.003717472	0.003717472
LSP574GQD_AAT65247_Avian_1983	A	0.00486618	0.00243309	0	0.00729927	0.00729927	0.00243309	0	0	0.00243309	0.00729927
CFT767TLS_ABY81668_Avian_2004	A	0.005102041	0.00255102	0	0.007653061	0.007653061	0.005102041	0	0	0.00255102	0.007653061
NRO129INP_AHN04320_Avian_1978	A	0.005298013	0.00397351	0	0.006622517	0.00397351	0.002649007	0.001324503	0.00397351	0.002649007	0.00397351
GUV183PPO_ABV48012_Avian_2003	A	0.006315789	0.006315789	0	0.006315789	0.004210526	0.004210526	0	0.002105263	0.002105263	0.008421053
XQU623DSN_ABV48045_Avian_2004	A	0.006224066	0.006224066	0	0.006224066	0.004149378	0.004149378	0	0.002074689	0.002074689	0.008298755
EPY742EAL_ABV48023_Avian_2004	A	0.006382979	0.006382979	0	0.006382979	0.004255319	0.004255319	0	0.00212766	0.00212766	0.008510638
OYL638NFF_ABV47924_Avian_2003	A	0.006224066	0.006224066	0	0.006224066	0.004149378	0.004149378	0	0.002074689	0.002074689	0.008298755
USA965PRS_ABV48122_Avian_2004	A	0.006224066	0.006224066	0	0.006224066	0.004149378	0.004149378	0	0.002074689	0.002074689	0.008298755
THS604DAS_ABV48144_Avian_2004	A	0.006315789	0.006315789	0	0.006315789	0.004210526	0.004210526	0	0.002105263	0.002105263	0.008421053
KWT580ACL_ABV46659_Avian_2004	A	0.006224066	0.006224066	0	0.006224066	0.004149378	0.004149378	0	0.002074689	0.002074689	0.008298755
ZXX597UUR_ABV47880_Avian_2003	A	0.006224066	0.006224066	0	0.006224066	0.004149378	0.004149378	0	0.002074689	0.002074689	0.008298755
CAL102GLT_ABV47649_Avian_2002	A	0.006224066	0.004149378	0	0.006224066	0.004149378	0.004149378	0	0.002074689	0.002074689	0.008298755
PEC332NTB_ABV46648_Avian_2004	A	0.006224066	0.006224066	0	0.006224066	0.004149378	0.004149378	0	0.002074689	0.002074689	0.008298755
QLH419UPA_ABV47770_Avian_2002	A	0.006224066	0.006224066	0	0.006224066	0.004149378	0.004149378	0	0.002074689	0.002074689	0.008298755
DTS479EWM_ABV48034_Avian_2004	A	0.006224066	0.006224066	0	0.008298755	0.004149378	0.004149378	0	0.002074689	0.002074689	0.008298755
SPV948WWJ_ABV46626_Avian_2001	A	0.006382979	0.004255319	0	0.006382979	0.004255319	0.004255319	0	0.00212766	0.00212766	0.008510638
SZT235QTZ_ABV47550_Avian_2002	A	0.006396588	0.004264392	0	0.006396588	0.004264392	0.004264392	0	0.002132196	0.002132196	0.008528785
GPL110ZDW_ABV46829_Avian_2001	A	0.006382979	0.004255319	0	0.006382979	0.004255319	0.004255319	0	0.00212766	0.00212766	0.008510638
NOK901NIZ_ABV48133_Avian_2004	A	0.006224066	0.006224066	0	0.006224066	0.004149378	0.004149378	0	0.004149378	0.002074689	0.008298755
KPN269LPJ_ABV48254_Avian_2004	A	0.006396588	0.006396588	0	0.006396588	0.004264392	0.004264392	0	0.004264392	0.002132196	0.006396588
EUX489CMZ_ABV48287_Avian_2004	A	0.006396588	0.006396588	0	0.006396588	0.004264392	0.004264392	0	0.002132196	0.002132196	0.006396588
LQY625UQO_ABV48331_Avian_2004	A	0.006382979	0.006382979	0	0.006382979	0.004255319	0.004255319	0	0.00212766	0.00212766	0.006382979
EID737ZZV_ABV48395_Avian_2005	A	0.006276151	0.0041841	0	0.006276151	0.0041841	0.0041841	0	0.00209205	0.00209205	0.006276151
UGK888SWH_ABV47704_Avian_2003	A	0.006224066	0.004149378	0	0.006224066	0.004149378	0.004149378	0	0.002074689	0.002074689	0.006224066
SWE246TSL_ABV47858_Avian_2003	A	0.006224066	0.006224066	0	0.006224066	0.004149378	0.004149378	0	0.002074689	0.002074689	0.006224066
OKF656JTH_ABV46637_Avian_2004	A	0.006224066	0.006224066	0	0.006224066	0.004149378	0.004149378	0	0.002074689	0.002074689	0.006224066
YBZ156VHJ_ABV46313_Avian_2000	A	0.006382979	0.004255319	0	0.006382979	0.004255319	0.004255319	0	0.00212766	0.00212766	0.006382979
MJH173UDK_ABV48111_Avian_2000	A	0.008510638	0.004255319	0	0.006382979	0.004255319	0.004255319	0	0.00212766	0.00212766	0.006382979
CFQ918WRG_ADY71220_Suidae_2003.741667	P	0.00660502	0.005284016	0	0.003963012	0.002642008	0.002642008	0.001321004	0.005284016	0.003963012	0.002642008
RZI120CQD_ABV46324_Avian_2001	A	0.008298755	0.006224066	0	0.004149378	0.006224066	0.004149378	0	0	0.002074689	0.006224066
CUZ541WQZ_ABV47495_Avian_2002	A	0.008298755	0.004149378	0	0.006224066	0.006224066	0.004149378	0	0.002074689	0.002074689	0.006224066
VNU520SZN_ABV47539_Avian_2003	A	0.008298755	0.002074689	0	0.006224066	0.006224066	0.004149378	0	0.002074689	0.002074689	0.006224066
ACM100RSN_ABV47528_Avian_2003	A	0.008350731	0.004175365	0	0.006263048	0.006263048	0.004175365	0	0.002087683	0.002087683	0.006263048
BES990SJK_ABV47561_Avian_2004	A	0.008350731	0.002087683	0	0.006263048	0.006263048	0.004175365	0	0.002087683	0.002087683	0.006263048
TGB241KEK_ABV47572_Avian_2004	A	0.008350731	0.004175365	0	0.006263048	0.006263048	0.004175365	0	0.002087683	0.002087683	0.006263048
MSF284WYQ_ABV47440_Avian_2005	A	0.008298755	0.004149378	0	0.006224066	0.006224066	0.004149378	0	0.002074689	0.002074689	0.006224066
WTQ610WKH_ABV48428_Avian_2005	A	0.008350731	0.004175365	0	0.006263048	0.006263048	0.004175365	0	0.002087683	0.002087683	0.006263048
ULP184NIC_ABV48439_Avian_2005	A	0.008333333	0.004166667	0	0.00625	0.00625	0.004166667	0	0.002083333	0.002083333	0.00625
JPI343UEJ_ABV48450_Avian_2005	A	0.008298755	0.006224066	0	0.006224066	0.006224066	0.004149378	0	0.002074689	0.002074689	0.006224066
MQS160IVA_ACN59684_Avian_1998.525	A	0.007832898	0.005221932	0	0.002610966	0.002610966	0.002610966	0.002610966	0.002610966	0	0.002610966
ILE686USB_BAS21832_Avian_2014.666667	A	0.008163265	0.008163265	0	0	0	0	0.004081633	0.004081633	0	0.004081633
YIN531WHZ_ACN59704_Avian_2003.219444	A	0.007832898	0.005221932	0.002610966	0.002610966	0.002610966	0.002610966	0.002610966	0.002610966	0	0.002610966
SDU960AQA_AEO52590_Avian_2001.666667	A	0.004901961	0	0	0.007352941	0.007352941	0.007352941	0	0	0.00245098	0.007352941
NPT105FKE_AFC17981_Avian_2011.344444	A	0.010810811	0.005405405	0	0.005405405	0	0.005405405	0	0.010810811	0	0.005405405
ZQE554GCU_ACZ45890_Avian_1973	A	0.006420546	0.003210273	0	0.006420546	0.004815409	0.003210273	0.001605136	0.001605136	0.003210273	0.004815409
AIU780ZBD_AGG26634_Avian_1986.633333	A	0.005555556	0.004166667	0	0.006944444	0.004166667	0.002777778	0.001388889	0.002777778	0.002777778	0.004166667
LBJ206TKL_AFR53937_Avian_2009.916667	A	0.006451613	0.00483871	0	0.008064516	0.003225806	0.001612903	0.001612903	0.00483871	0.003225806	0.00483871
EDS618FZW_AGG12510_Avian_2009.747222	A	0.004694836	0.007042254	0	0.004694836	0	0.002347418	0.002347418	0.007042254	0.002347418	0.002347418
OXE038QKG_AAT65267_Avian_1988	A	0.004842615	0.002421308	0	0.007263923	0.007263923	0.004842615	0	0	0.002421308	0.007263923
QAY496BRR_ABY81680_Avian_2005	A	0.005758157	0.003838772	0	0.007677543	0.005758157	0.003838772	0	0.001919386	0.001919386	0.005758157
HKA117HTH_ABY81681_Avian_2005	A	0.005758157	0.003838772	0	0.007677543	0.005758157	0.003838772	0	0.001919386	0.001919386	0.005758157
VZT972NAZ_ABY81688_Avian_2006	A	0.004576659	0.00228833	0	0.009153318	0.006864989	0.004576659	0	0.00228833	0.00228833	0.006864989
ZMJ688EIO_ABY81682_Avian_2005	A	0.005089059	0.002544529	0	0.007633588	0.007633588	0.005089059	0	0	0.002544529	0.007633588
SSN503OAF_ABY81684_Avian_2005	A	0.005089059	0.002544529	0	0.007633588	0.007633588	0.005089059	0	0	0.002544529	0.007633588
VKW499CIW_ABY81673_Avian_2004	A	0.005089059	0.002544529	0	0.007633588	0.007633588	0.005089059	0	0	0.002544529	0.007633588
PZO353FMH_ACG80369_Avian_2005	A	0.005167959	0.002583979	0	0.007751938	0.007751938	0.005167959	0	0	0.002583979	0.007751938
ZBM614SUS_ABY81663_Avian_2004	A	0.005102041	0.005102041	0	0.005102041	0.007653061	0.005102041	0	0	0.00255102	0.007653061
NZL616QNH_AET74430_Avian_1990.405556	A	0.004784689	0.004784689	0	0.004784689	0.004784689	0.001594896	0.001594896	0.003189793	0.003189793	0.003189793
HDW409RJU_BAG07138_Avian_2007	A	0.005617978	0.005617978	0	0.005617978	0	0.005617978	0.005617978	0.005617978	0	0
RYH831QVX_BAS21824_Avian_2014.666667	A	0.006269592	0.006269592	0	0	0	0.003134796	0.003134796	0.003134796	0.003134796	0
EWV069UWV_BAS21841_Avian_2014.666667	A	0.006389776	0.006389776	0	0	0	0.003194888	0.003194888	0.003194888	0.003194888	0
AMY859YPN_BAS21825_Avian_2014.666667	A	0.007042254	0.007042254	0	0	0	0.003521127	0.003521127	0.003521127	0.003521127	0
RRV988GFA_BAS21842_Avian_2014.666667	A	0.005725191	0.005725191	0	0.003816794	0	0.001908397	0.001908397	0.005725191	0.001908397	0.001908397
JKL222XVU_BAS21818_Avian_2014.666667	A	0.006349206	0.006349206	0	0	0	0.003174603	0.003174603	0.003174603	0.003174603	0
ANN258UFI_BAS21840_Avian_2014.666667	A	0.006389776	0.009584665	0	0	0	0.003194888	0.003194888	0.003194888	0.003194888	0
CWB095CZW_AGN53176_Avian_2013.280556	A	0.005291005	0.005291005	0	0.005291005	0.002645503	0.002645503	0.001322751	0.003968254	0.002645503	0.003968254
AJK187SXQ_AIT93105_Avian_2013.194444	A	0.006097561	0.006097561	0	0.006097561	0.004065041	0.004065041	0	0.00203252	0.00203252	0.004065041
JRF509AQK_AGN69212_Avian_2012.083333	A	0.006550218	0.004366812	0	0.006550218	0.004366812	0.004366812	0	0.002183406	0.002183406	0.004366812
UTI208EIT_BAS21845_Avian_2014.666667	A	0.00625	0.009375	0	0	0	0.003125	0.003125	0.003125	0.003125	0
YNF896DWU_BAM33996_Avian_2012.3	A	0.005813953	0.005813953	0	0.002906977	0	0	0.002906977	0.00872093	0.002906977	0
LPX426YCM_BAM73593_Avian_2012.616667	A	0.005763689	0.005763689	0	0.002881844	0	0	0.002881844	0.008645533	0.002881844	0
IYR686ENZ_AGK23675_Avian_2011	A	0.006550218	0.002183406	0	0.006550218	0.004366812	0.004366812	0	0.002183406	0.002183406	0.004366812
NKV653VYF_AGK23673_Avian_2011	A	0.006550218	0.004366812	0	0.006550218	0.004366812	0.004366812	0	0.002183406	0.002183406	0.004366812
YPH043ADD_AGK23679_Avian_2011.083333	A	0.006550218	0.004366812	0	0.006550218	0.004366812	0.004366812	0	0.002183406	0.002183406	0.004366812
HKP062KZU_ACD88616_Avian_2001	A	0.007832898	0.005221932	0	0	0.002610966	0.002610966	0.002610966	0.002610966	0	0.002610966
CLQ589EQA_ACN59694_Avian_2004.858333	A	0.007832898	0.005221932	0	0	0.002610966	0.002610966	0.002610966	0.002610966	0	0.002610966
ATF287PVA_ACN59824_Avian_2002.969444	A	0.007832898	0.005221932	0	0	0.002610966	0.002610966	0.002610966	0.002610966	0	0.002610966
WTY037EIE_ABV48461_Avian_2005	A	0.006315789	0.004210526	0	0.006315789	0.006315789	0.004210526	0	0.002105263	0.002105263	0.004210526
FFX393YDO_ACN59764_Avian_2002.622222	A	0.007832898	0.005221932	0	0	0.002610966	0.002610966	0.002610966	0.002610966	0	0.002610966
PDL231TYB_ACN59724_Avian_2001.275	A	0.007832898	0.005221932	0	0	0.002610966	0.002610966	0.002610966	0.002610966	0	0.005221932
EAQ873MRE_ACN59814_Avian_2002.108333	A	0.007832898	0.005221932	0	0	0.002610966	0.002610966	0.002610966	0.002610966	0	0.002610966
FME973RRB_BAS21817_Avian_2014.666667	A	0.010928962	0	0	0.016393443	0.005464481	0	0	0	0.005464481	0.010928962
BSU276JTY_ACT36345_Avian_2002	A	0.006711409	0.003355705	0	0.006711409	0.006711409	0.003355705	0	0	0.003355705	0.006711409
NBQ708PPL_ACT36347_Avian_2006	A	0.006711409	0	0	0.010067114	0.006711409	0.003355705	0	0	0.003355705	0.006711409
ING955RLZ_ACN59664_Avian_2002.802778	A	0.007832898	0.005221932	0	0.002610966	0.002610966	0.002610966	0.002610966	0.002610966	0	0.005221932
ISM055SWS_ACF25598_Avian_1992	A	0.005291005	0.002645503	0	0.003968254	0.003968254	0.001322751	0.002645503	0.003968254	0.002645503	0.003968254
IVL692HII_AGN69264_Suidae_1992	P	0.005291005	0.002645503	0	0.003968254	0.003968254	0.001322751	0.001322751	0.003968254	0.002645503	0.003968254
WJU630FQR_ADH83320_Suidae_2009.344444	P	0.005291005	0.002645503	0	0.003968254	0.003968254	0.002645503	0.002645503	0.003968254	0.002645503	0.005291005
QWR042HDD_ADY71588_Suidae_2008.411111	P	0.004975124	0.004975124	0	0.007462687	0.007462687	0.002487562	0.002487562	0	0.002487562	0.007462687
IYA180HOX_ADZ04725_Suidae_1994.205556	P	0.00456621	0.002283105	0	0.002283105	0	0.002283105	0.00456621	0.006849315	0.002283105	0.002283105
VAO240MWS_ACF25608_Avian_1990	A	0.005291005	0.002645503	0	0.005291005	0.003968254	0.001322751	0.002645503	0.003968254	0.002645503	0.003968254
IMV758WID_ABR29603_Suidae_1988	P	0.005291005	0.002645503	0	0.003968254	0.003968254	0.001322751	0.002645503	0.003968254	0.002645503	0.003968254
XIQ552XHL_ACQ84495_Suidae_1988	P	0.005291005	0.002645503	0	0.003968254	0.002645503	0.001322751	0.002645503	0.003968254	0.002645503	0.003968254
RYO235HZS_AEM60099_Suidae_1990	P	0.005291005	0.002645503	0	0.005291005	0.003968254	0.001322751	0.002645503	0.003968254	0.002645503	0.003968254
DPV083ZQP_ABS50119_Suidae_1987	P	0.005291005	0.002645503	0	0.003968254	0.003968254	0.001322751	0.002645503	0.003968254	0.002645503	0.003968254
ODW395QXU_ACD88711_Avian_1988	A	0.005291005	0.002645503	0	0.003968254	0.003968254	0.001322751	0.002645503	0.003968254	0.002645503	0.003968254
CLT107DAO_ACQ84505_Suidae_1988	P	0.005291005	0.002645503	0	0.003968254	0.003968254	0.001322751	0.002645503	0.003968254	0.002645503	0.003968254
AHT885BBC_ACN85534_Suidae_2007.427778	P	0.005319149	0.002659574	0	0.003989362	0.003989362	0.001329787	0.002659574	0.005319149	0.001329787	0.003989362
LGP424WGL_AEI30065_Suidae_2008.583333	P	0.005291005	0.003968254	0	0.005291005	0.003968254	0.002645503	0.002645503	0.003968254	0.002645503	0.003968254
ZDA608UYA_AFR75986_Suidae_1990.933333	P	0.003968254	0.002645503	0	0.005291005	0.003968254	0.001322751	0.001322751	0.003968254	0.002645503	0.002645503
KVV624NGQ_AFR76153_Suidae_1993.305556	P	0.00397351	0.002649007	0	0.005298013	0.00397351	0.001324503	0.002649007	0.00397351	0.002649007	0.00397351
WNZ342YCA_ACD88524_Avian_1980.002778	A	0.005291005	0.002645503	0	0.005291005	0.003968254	0.001322751	0.002645503	0.003968254	0.002645503	0.003968254
EWS914PCO_ACN39296_Suidae_2000.452778	P	0.007604563	0.003802281	0.003802281	0.003802281	0	0.003802281	0.003802281	0.007604563	0	0
RHY338PRV_ADZ05399_Hominidae_2009.505556	H	0.00591716	0.00591716	0	0	0.01183432	0	0	0	0.00591716	0
JGR464GMJ_BBG92093_Suidae_1982	P	0.005291005	0.002645503	0	0.005291005	0.003968254	0.001322751	0.002645503	0.003968254	0.002645503	0.003968254
QVI059HOC_BAK23241_Suidae_2005	P	0.005291005	0.003968254	0.001322751	0.006613757	0.003968254	0.002645503	0.002645503	0.005291005	0.002645503	0.003968254
IXU667JWY_BAK23245_Suidae_2005	P	0.005284016	0.001321004	0	0.005284016	0.005284016	0.002642008	0.002642008	0.003963012	0.002642008	0.005284016
VIA024AUH_BAK23244_Suidae_2004	P	0.005291005	0.002645503	0	0.006613757	0.003968254	0.002645503	0.002645503	0.003968254	0.002645503	0.006613757
ATK566VKY_ADY70583_Suidae_1993.719444	P	0.005602241	0.00140056	0	0.007002801	0.004201681	0.00280112	0.00140056	0.004201681	0.00280112	0.004201681
ZQM616JRW_ADY70604_Suidae_1993.738889	P	0.005610098	0.001402525	0	0.007012623	0.004207574	0.002805049	0.001402525	0.004207574	0.002805049	0.004207574
MCD853MQE_AEM00329_Avian_2002	A	0.004497751	0.004497751	0	0.007496252	0.002998501	0.002998501	0.002998501	0.004497751	0.002998501	0.002998501
ZHW911WEP_AFW18191_Avian_2009.4	A	0.004531722	0.006042296	0	0.004531722	0.004531722	0.001510574	0.001510574	0.003021148	0.003021148	0.003021148
RIO212CMQ_AFW18202_Avian_2009.4	A	0	0	0	0	0.012345679	0.012345679	0	0	0	0
EEJ889QVN_AFW17419_Avian_2010.305556	A	0.005	0.005	0	0.0075	0.0025	0	0.005	0.005	0	0.005
LGL066FGP_AFW17299_Avian_2010.166667	A	0.003378378	0.006756757	0	0.003378378	0	0	0.003378378	0.006756757	0.003378378	0
RSH561QQU_ACV90504_Avian_2009.191667	A	0.005291005	0.005291005	0	0.005291005	0.003968254	0.001322751	0.001322751	0.005291005	0.002645503	0.002645503
YXZ853ZXJ_ABR53811_Avian_2006	A	0.005791506	0.003861004	0	0.003861004	0.001930502	0.001930502	0.001930502	0.005791506	0.001930502	0.001930502
FKY524HJN_AFJ12507_Avian_1997.369444	A	0.012048193	0	0	0	0.012048193	0	0	0	0	0.012048193
TMT214ETD_AGJ73013_Avian_2009.441667	A	0.010309278	0.005154639	0	0	0	0	0	0.005154639	0	0.005154639
RBY145SMJ_ACH43150_Avian_2006.15	A	0.006472492	0.004854369	0	0.006472492	0.004854369	0.001618123	0.001618123	0.001618123	0.001618123	0.003236246
VNZ360EAT_ACH43172_Avian_2006.130556	A	0.006504065	0.004878049	0	0.006504065	0.004878049	0.001626016	0.001626016	0.001626016	0.001626016	0.004878049
HTQ475RMK_ACB70600_Avian_2007	A	0.00617284	0.00617284	0	0.00617284	0.00617284	0.004115226	0	0.002057613	0.002057613	0.004115226
BZL721IFQ_ABV47286_Avian_2004	A	0.006224066	0.004149378	0	0.008298755	0.006224066	0.004149378	0	0.002074689	0.002074689	0.006224066
EDV883OLA_ABV47297_Avian_2004	A	0.006224066	0.004149378	0	0.008298755	0.006224066	0.004149378	0	0.002074689	0.002074689	0.006224066
ORN464EXL_ABV47319_Avian_2005	A	0.006224066	0.004149378	0	0.008298755	0.006224066	0.004149378	0	0.002074689	0.002074689	0.006224066
ARE608ALR_ABV47330_Avian_2005	A	0.006224066	0.004149378	0	0.006224066	0.006224066	0.004149378	0	0.002074689	0.002074689	0.004149378
NQW278FWW_APG38650_Avian_2013.313889	A	0.005025126	0.002512563	0	0.007537688	0.010050251	0.005025126	0	0	0.002512563	0.005025126
BVT616EFC_APG38716_Avian_2013.302778	A	0.005277045	0.002638522	0	0.007915567	0.007915567	0.005277045	0	0	0.002638522	0.005277045
LPF089XEQ_BAZ96250_Avian_2015.858333	A	0.003963012	0.002642008	0	0.00660502	0.003963012	0.003963012	0.001321004	0.005284016	0.002642008	0.002642008
SRX926WUS_APG38727_Avian_2013.541667	A	0.005050505	0.002525253	0	0.007575758	0.01010101	0.005050505	0	0	0.002525253	0.005050505
FUW923EYF_AIG94062_Avian_2011.833333	A	0.004618938	0.006928406	0	0.004618938	0.002309469	0.002309469	0.002309469	0.006928406	0.002309469	0
SVL973PDU_APG38628_Avian_2013.186111	A	0.005780347	0.002890173	0	0.00867052	0.00867052	0.005780347	0	0	0.002890173	0.005780347
WXR388WJR_ARX74405_Avian_2015.086111	A	0.005509642	0.004132231	0	0.006887052	0.004132231	0.002754821	0.00137741	0.004132231	0.002754821	0.002754821
TDW597RVZ_BAM33986_Avian_2012.297222	A	0.005813953	0.005813953	0	0.005813953	0	0	0.002906977	0.00872093	0.002906977	0
HSN094ROT_ACN39443_Avian_2007.075	A	0.00676819	0.003384095	0	0.008460237	0.003384095	0.003384095	0.001692047	0.005076142	0.003384095	0.003384095
RTO096EHR_ACN39458_Avian_2007.061111	A	0.008460237	0.005076142	0	0.008460237	0.003384095	0.001692047	0	0.005076142	0.003384095	0.003384095
QCI640LID_ACN39454_Avian_2007.061111	A	0.00676819	0.005076142	0	0.008460237	0.003384095	0.001692047	0.001692047	0.005076142	0.003384095	0.003384095
UUO840AEG_ACN39445_Avian_2006.997222	A	0.00676819	0.005076142	0	0.008460237	0.003384095	0.001692047	0.001692047	0.005076142	0.003384095	0.003384095
XUD043CUX_ACN39450_Avian_2006.997222	A	0.006756757	0.005067568	0	0.008445946	0.003378378	0.001689189	0.001689189	0.005067568	0.003378378	0.003378378
EZA012FQH_APG39190_Avian_2013.513889	A	0.005494505	0.002747253	0	0.010989011	0.008241758	0.005494505	0	0	0.002747253	0.008241758
VUR709WPQ_ADG59434_Avian_2006	A	0.004796163	0.002398082	0	0.007194245	0.007194245	0.004796163	0	0	0.002398082	0.007194245
UUZ900KWU_AEK49864_Avian_2007.841667	A	0.005698006	0.002849003	0	0.007122507	0.004273504	0.001424501	0.001424501	0.004273504	0.002849003	0.002849003
VWD199ANL_AET74419_Avian_1990.402778	A	0	0.004032258	0	0.004032258	0.008064516	0.004032258	0	0.008064516	0.004032258	0
AUV748MJZ_AFX88574_Avian_1986.625	A	0.002457002	0.002457002	0	0.00982801	0.004914005	0.002457002	0	0.004914005	0.004914005	0.002457002
TPW948XYE_AGG23588_Avian_2009.577778	A	0.003533569	0.003533569	0	0.007067138	0.005300353	0.001766784	0.001766784	0.003533569	0.003533569	0.001766784
RQV329TDO_AAT65275_Avian_1997	A	0.005012531	0	0	0.007518797	0.007518797	0.005012531	0	0	0.002506266	0.005012531
HGR148QTJ_AEL23177_Avian_2006.002778	A	0.004225352	0.004225352	0	0.005633803	0.002816901	0.002816901	0.001408451	0.004225352	0.002816901	0.001408451
AJG288AOB_AAT65259_Avian_1998	A	0.005037783	0.002518892	0	0.007556675	0.007556675	0.005037783	0	0	0.002518892	0.005037783
VPS462VUA_AAT65263_Avian_1998	A	0.004842615	0.002421308	0	0.007263923	0.007263923	0.004842615	0	0	0.002421308	0.004842615
CXA968RPP_ABY81669_Avian_2005	A	0.005102041	0.00255102	0	0.007653061	0.007653061	0.00255102	0	0	0.00255102	0.005102041
ZXS295BGN_AFY05972_Avian_2007.733333	A	0.005722461	0.004291845	0	0.005722461	0.004291845	0.001430615	0.001430615	0.00286123	0.00286123	0.00286123
MUD489SPW_AHZ13551_Avian_2005.002778	A	0.003968254	0.005952381	0	0.005952381	0.003968254	0.003968254	0	0.005952381	0.001984127	0.001984127
NGX607MLL_AHZ13558_Avian_2005.002778	A	0.004942339	0.004942339	0	0.004942339	0.003294893	0.003294893	0.001647446	0.004942339	0.003294893	0.001647446
JPN826ZVH_ACO95720_Avian_2005.002778	A	0.004354136	0.005805515	0	0.004354136	0.004354136	0.002902758	0.001451379	0.004354136	0.002902758	0.001451379
TOH994YWG_AEL23180_Avian_2004	A	0.004219409	0.004219409	0	0.006329114	0.004219409	0.002109705	0.002109705	0.004219409	0.004219409	0.002109705
LAB891IQC_AEL23182_Avian_2003	A	0.004491018	0.004491018	0	0.005988024	0.004491018	0.001497006	0.001497006	0.002994012	0.001497006	0.002994012
LCA897ZYS_AEL23183_Avian_2002	A	0.004149378	0.004149378	0	0.004149378	0.004149378	0.002074689	0.002074689	0.004149378	0.004149378	0.002074689
OMJ493SNB_AFY05899_Avian_2007.736111	A	0.005673759	0.002836879	0	0.007092199	0.004255319	0.002836879	0.00141844	0.004255319	0.002836879	0.002836879
EHS405QWP_AAT65278_Avian_1997	A	0.00536193	0.002680965	0	0.008042895	0.008042895	0.00536193	0	0	0.002680965	0.00536193
UNX773ODB_AHB73432_Avian_2013.041667	A	0.00660502	0.003963012	0	0.007926024	0.005284016	0.002642008	0.001321004	0.005284016	0.003963012	0.005284016
DBQ393JVV_ADH96246_Avian_2007.588889	A	0.004140787	0.004140787	0	0.002070393	0.004140787	0.002070393	0.002070393	0.004140787	0.004140787	0
KGF820PZO_AGG26590_Avian_1987.386111	A	0.004081633	0.002040816	0	0.008163265	0.006122449	0.002040816	0	0.004081633	0.004081633	0.004081633
SAJ426RIO_ACD40333_Avian_2006	A	0.004716981	0	0	0.004716981	0.009433962	0.004716981	0	0	0.004716981	0.004716981
BBQ651RZP_AHB23842_Suidae_2009.094444	P	0	0	0	0	0.011904762	0.011904762	0	0	0	0
YNS643DLY_AKM14159_Avian_2009.897222	A	0.006896552	0.005172414	0	0.006896552	0.001724138	0.001724138	0.001724138	0.001724138	0.003448276	0.005172414
LID991DTL_AKM14171_Avian_2009.897222	A	0.006125574	0.004594181	0	0.007656968	0.001531394	0.001531394	0.001531394	0.006125574	0.003062787	0.004594181
NOB018UNZ_AKM13973_Avian_2009.7	A	0.006535948	0.006535948	0	0.006535948	0.003267974	0.003267974	0.001633987	0.006535948	0.003267974	0.004901961
FUJ974YWB_AGE15526_Avian_2009.733333	A	0	0.007352941	0	0.007352941	0	0	0	0.014705882	0.007352941	0
BFU426XYT_BAM76322_Avian_2012.772222	A	0.006329114	0.006329114	0	0.009493671	0	0	0.003164557	0.006329114	0.003164557	0
BJW186VSG_ACZ45952_Avian_2000	A	0.004237288	0.008474576	0	0.004237288	0	0	0.004237288	0.008474576	0.004237288	0
UYP855FBJ_AHN02443_Avian_1975	A	0.005524862	0.005524862	0	0.005524862	0	0	0.002762431	0.008287293	0.002762431	0
CEC877SFP_AGI02471_Avian_2011.283333	A	0.003571429	0.003571429	0	0.003571429	0	0	0.003571429	0.007142857	0.003571429	0
QJL927ZBJ_BAS21829_Avian_2014.666667	A	0.006430868	0.006430868	0	0.003215434	0	0.003215434	0.003215434	0.003215434	0.003215434	0.003215434
ZRQ516XWY_ABD65986_Avian_1998	A	0.004524887	0	0	0.004524887	0	0	0.004524887	0.009049774	0.004524887	0
MXF202NSX_ASV60536_Avian_2016.397222	A	0.006051437	0.003025719	0	0.007564297	0.004538578	0.001512859	0.001512859	0.004538578	0.003025719	0.003025719
TUE197HPI_AAT65249_Avian_1997	A	0.005102041	0.00255102	0	0.007653061	0.007653061	0.005102041	0	0	0.00255102	0.007653061
RTC852UOO_AAT65252_Avian_2000	A	0.005089059	0.002544529	0	0.007633588	0.007633588	0.005089059	0	0	0.002544529	0.007633588
FJX318NEE_AGL52446_Avian_2009	A	0.005298013	0.00397351	0	0.006622517	0.00397351	0.002649007	0.001324503	0.00397351	0.002649007	0.00397351
MNN501HAC_ABD61021_Avian_2003	A	0	0	0	0	0.009259259	0.009259259	0	0	0	0
TTF644CIB_AEM75225_Avian_2009.761111	A	0.004329004	0.002164502	0	0.008658009	0.006493506	0.002164502	0	0.004329004	0.004329004	0.004329004
EQI942MSJ_ACT84538_Avian_2008.408333	A	0.005089059	0.002544529	0	0.007633588	0.007633588	0.005089059	0	0	0.002544529	0.007633588
EWO680UPX_ACT84565_Avian_2008.416667	A	0.005128205	0.002564103	0	0.007692308	0.007692308	0.005128205	0	0	0.002564103	0.007692308
WUC121FGW_AFY24018_Hominidae_2009.838889	H	0.004255319	0.004255319	0	0.004255319	0.004255319	0.004255319	0.00212766	0.004255319	0.00212766	0.00212766
COT741VVQ_AFY24056_Hominidae_2009.913889	H	0.002463054	0.002463054	0	0.007389163	0	0.004926108	0.002463054	0.004926108	0	0.002463054
YIL177JZP_AFY24028_Hominidae_2009.858333	H	0.002222222	0.004444444	0	0.004444444	0.002222222	0.002222222	0.002222222	0.002222222	0.002222222	0.004444444
CFM213BFU_AFY24007_Hominidae_2009.780556	H	0.004552352	0.003034901	0	0.006069803	0.003034901	0.003034901	0.001517451	0.003034901	0.001517451	0.004552352
SGJ360PKA_AFY24095_Hominidae_2010.105556	H	0.002066116	0.004132231	0	0.006198347	0.002066116	0.004132231	0.004132231	0.006198347	0	0
SAK520HKG_AHB24774_Suidae_2011.805556	P	0.004279601	0.002853067	0	0.007132668	0.004279601	0.004279601	0.001426534	0.005706134	0	0.005706134
FJQ291TRG_AEN68512_Suidae_2010.855556	P	0.006711409	0.003355705	0	0.010067114	0.003355705	0.003355705	0	0.006711409	0	0.006711409
CDL944HGH_AER09276_Suidae_2010.916667	P	0.006451613	0.003225806	0	0.009677419	0.003225806	0.003225806	0	0.006451613	0	0.006451613
TVO578ZJJ_AFY24085_Hominidae_2010.047222	H	0.002457002	0.004914005	0	0.007371007	0.002457002	0.007371007	0.002457002	0.004914005	0	0.002457002
XHO918IFW_AEN68531_Suidae_2011.013889	P	0.006369427	0.003184713	0	0.00955414	0.003184713	0.003184713	0	0.006369427	0	0.003184713
UMA110HTL_AEO37548_Hominidae_2010.669444	H	0.005698006	0.005698006	0	0.002849003	0	0	0.002849003	0.008547009	0	0
OVT951DAK_ADC32524_Suidae_2009.480556	P	0.010050251	0	0	0.015075377	0.005025126	0	0	0	0	0.010050251
JXV794GUV_ADV17291_Hominidae_2010.069444	H	0.005545287	0.001848429	0	0.007393715	0.003696858	0.003696858	0.001848429	0.003696858	0.001848429	0.003696858
SQD889IHJ_AEA02267_Suidae_2010.052778	P	0.005597015	0.001865672	0	0.007462687	0.005597015	0.003731343	0	0.003731343	0.001865672	0.003731343
MLS310NRW_AHM99006_Hominidae_2009	H	0.004347826	0.002898551	0	0.004347826	0.002898551	0.002898551	0.001449275	0.005797101	0.001449275	0.002898551
VQV775TRB_AHB52276_Suidae_2010.013889	P	0.004354136	0.002902758	0	0.005805515	0.002902758	0.002902758	0.001451379	0.005805515	0.001451379	0.001451379
RWG229HIN_AGW83115_Hominidae_2010.722222	H	0.006015038	0.003007519	0	0.006015038	0.004511278	0.003007519	0.001503759	0.004511278	0.001503759	0.001503759
LRC362JAJ_AGW83137_Hominidae_2010.627778	H	0.005540166	0.002770083	0	0.006925208	0.002770083	0.002770083	0.001385042	0.005540166	0.001385042	0.002770083
EMY648VPE_AEC53392_Hominidae_2009.477778	H	0.006329114	0.006329114	0	0.003164557	0	0	0.003164557	0.009493671	0	0
HOX906SEY_AIT92397_Hominidae_2011.180556	H	0.007067138	0.003533569	0	0.008833922	0.001766784	0.001766784	0.001766784	0.007067138	0.001766784	0.003533569
GNW622TCU_ASU06487_Hominidae_2009	H	0.005328597	0.003552398	0	0.003552398	0.003552398	0.001776199	0.001776199	0.005328597	0.001776199	0.001776199
SGX561SUC_AFA26284_Hominidae_2009.805556	H	0.004643963	0.003095975	0	0.004643963	0.003095975	0.003095975	0.001547988	0.00619195	0.001547988	0.001547988
ZAZ642FND_AHJ57392_Suidae_2012.697222	P	0.005136986	0.001712329	0	0.006849315	0.005136986	0.003424658	0.001712329	0.003424658	0.001712329	0.003424658
DIO970AYU_AHJ57391_Suidae_2012.508333	P	0.005136986	0.001712329	0	0.008561644	0.005136986	0.003424658	0.001712329	0.003424658	0.001712329	0.005136986
ZAQ556NRJ_AGW83192_Hominidae_2011.947222	H	0.004243281	0.002828854	0	0.005657709	0.004243281	0.002828854	0.001414427	0.005657709	0.001414427	0.001414427
AUB181FXA_AGW83269_Hominidae_2011.833333	H	0.004149378	0.002766252	0	0.006915629	0.004149378	0.001383126	0.001383126	0.005532503	0.001383126	0.002766252
TEH412SCI_AHY84573_Hominidae_2009.8	H	0.005277045	0.002638522	0	0.006596306	0.003957784	0.002638522	0.001319261	0.005277045	0.001319261	0.002638522
VSA822LIU_AEA29310_Suidae_2009.666667	P	0.005298013	0.002649007	0	0.006622517	0.00397351	0.002649007	0.001324503	0.005298013	0.001324503	0.002649007
KWR415PVS_ADV74752_Suidae_2009.647222	P	0.00456621	0.00456621	0	0.00456621	0	0.002283105	0.002283105	0.00913242	0	0
ZWS592GTT_AEN68522_Suidae_2010.852778	P	0	0	0	0	0.009433962	0	0	0.009433962	0	0.009433962
XBC781GEZ_ADZ04716_Hominidae_2009.538889	H	0.003929273	0.003929273	0	0.003929273	0.003929273	0.001964637	0.001964637	0.007858546	0.001964637	0
HRZ884BMP_AKL90889_Hominidae_2012.030556	H	0.004195804	0.002797203	0	0.005594406	0.004195804	0.002797203	0.001398601	0.005594406	0	0.002797203
PYK011LUA_AKL90937_Hominidae_2012.072222	H	0.005602241	0.00280112	0	0.005602241	0.004201681	0.00280112	0.00140056	0.005602241	0	0.00280112
WVY742JHG_AHM98960_Hominidae_2009	H	0	0	0	0	0	0	0	0	0	0
XTS866RIZ_AKL90999_Hominidae_2012.027778	H	0.007142857	0.002857143	0	0.004285714	0.004285714	0.004285714	0.001428571	0.005714286	0	0.002857143
JXG366FFI_ATJ02248_Suidae_2016.422222	P	0.003992016	0.003992016	0	0.003992016	0.003992016	0.001996008	0.001996008	0.003992016	0.001996008	0.001996008
TWS535NXX_AGW83126_Hominidae_2009.5	H	0.00608828	0.00304414	0	0.00456621	0.00456621	0.00152207	0.00152207	0.00608828	0	0.00152207
CNC183VZF_AGW83148_Hominidae_2009.502778	H	0.004279601	0.002853067	0	0.007132668	0.004279601	0.002853067	0.001426534	0.004279601	0.002853067	0.002853067
HIK002UFM_AHM98929_Hominidae_2009	H	0.006134969	0	0	0	0.012269939	0.006134969	0	0	0.006134969	0
BLI244EKL_AHM99028_Hominidae_2009	H	0.004854369	0.002427184	0	0.002427184	0.004854369	0.002427184	0.002427184	0.004854369	0.002427184	0
OWU033DFT_AGB13138_Hominidae_2011.069444	H	0.00462963	0.002314815	0	0.009259259	0.006944444	0.002314815	0	0.00462963	0.002314815	0.002314815
YPS112NSU_ADZ05389_Hominidae_2009.388889	H	0.005050505	0.001683502	0	0.006734007	0.005050505	0.001683502	0.001683502	0.003367003	0.001683502	0.003367003
OAP618GQP_AIT92348_Hominidae_2013.080556	H	0.006319115	0.003159558	0	0.007898894	0.001579779	0.001579779	0.001579779	0.006319115	0.001579779	0.003159558
HQK317FQD_ASU06483_Hominidae_2012.941667	H	0.003853565	0.003853565	0	0.005780347	0.001926782	0	0.003853565	0.005780347	0.001926782	0.001926782
CSC399EIS_AIT92390_Hominidae_2013.083333	H	0.004909984	0.003273322	0	0.008183306	0.001636661	0.001636661	0.003273322	0.006546645	0.001636661	0.003273322
SHT100XXS_AUC64261_Hominidae_2016.202778	H	0.004823151	0.003215434	0	0.008038585	0.001607717	0.001607717	0.003215434	0.006430868	0	0.003215434
LPM313ZUF_AIC64807_Hominidae_2012.652778	H	0.004658385	0.00310559	0	0.00621118	0.004658385	0.00310559	0.00310559	0.00621118	0.001552795	0
YWB068PGX_ASU06481_Hominidae_2015.105556	H	0.003194888	0.003194888	0	0.006389776	0.003194888	0.001597444	0.003194888	0.004792332	0.001597444	0.001597444
RYY027AAG_ANM89729_Hominidae_2016.108333	H	0.00397878	0.00265252	0	0.0066313	0.00397878	0.00265252	0.00265252	0.00530504	0.00132626	0.00265252
OUO615HMY_AUC64522_Hominidae_2016.133333	H	0.002877698	0.002877698	0	0.007194245	0.004316547	0.002877698	0.002877698	0.004316547	0.001438849	0.002877698
MSE434HCO_AGB12994_Hominidae_2011.05	H	0.004360465	0.002906977	0	0.005813953	0.004360465	0.002906977	0.002906977	0.004360465	0.001453488	0.002906977
TKC504SFU_AGB13004_Hominidae_2011.147222	H	0.002659574	0.002659574	0	0.002659574	0.005319149	0.002659574	0.002659574	0.005319149	0.002659574	0
OBF176XZY_AGB13157_Hominidae_2011.072222	H	0.003205128	0.003205128	0	0.006410256	0.004807692	0.001602564	0.003205128	0.003205128	0.001602564	0.003205128
TGE623PRR_AFK74542_Hominidae_2009.533333	H	0.003968254	0.003968254	0	0.003968254	0.003968254	0.001984127	0.001984127	0.003968254	0.001984127	0.001984127
TRF505VVI_AHB52059_Suidae_2004.725	P	0	0	0	0	0.009803922	0.009803922	0	0	0	0
OSX298WGY_AFY23997_Hominidae_2009.35	H	0.004934211	0.003289474	0	0.004934211	0.003289474	0.003289474	0.001644737	0.006578947	0.001644737	0.001644737
QIA527YZG_AEM91950_Suidae_2010.997222	P	0.006410256	0.003205128	0	0.009615385	0.003205128	0	0	0.006410256	0	0.003205128
FPB819SFB_ADY16830_Suidae_2010.25	P	0.00591716	0	0	0.017751479	0.01183432	0	0	0	0.00591716	0.00591716
YCH814HID_ASO97509_Hominidae_2012.944444	H	0.00422833	0.002114165	0	0.00845666	0.00422833	0.002114165	0.002114165	0.00422833	0.002114165	0.002114165
AKC681NUJ_CCD33087_Suidae_2010.833333	P	0.005291005	0.002645503	0	0.007936508	0.003968254	0.002645503	0.001322751	0.005291005	0.001322751	0.003968254
BYZ247WRO_AFQ34693_Suidae_2010.002778	P	0.00228833	0.004576659	0	0.00228833	0.00228833	0.00228833	0.00228833	0.004576659	0	0.00228833
DQL397UYB_AHB82074_Suidae_2003.827778	P	0.00554785	0.002773925	0	0.00554785	0.004160888	0.002773925	0.001386963	0.00554785	0	0.004160888
WOM100IDF_AHB23226_Suidae_2004.616667	P	0.004474273	0.002237136	0	0.004474273	0.004474273	0.002237136	0.002237136	0.004474273	0.002237136	0.002237136
WAV038QBW_AIW60656_Suidae_2011.230556	P	0.007434944	0.001858736	0	0.00929368	0.003717472	0.001858736	0.001858736	0.001858736	0.001858736	0.007434944
BSN090DHM_AIW60672_Suidae_2011.230556	P	0.00676819	0.003384095	0	0.010152284	0.003384095	0.001692047	0.001692047	0.003384095	0.001692047	0.00676819
XII866GAI_AHB52035_Suidae_2004.15	P	0.004140787	0.004140787	0	0.004140787	0.004140787	0.002070393	0.002070393	0.004140787	0.002070393	0.002070393
RHB670GTN_AHB52170_Suidae_2005.186111	P	0.004966887	0.003311258	0	0.006622517	0.004966887	0.001655629	0.001655629	0.003311258	0.001655629	0.003311258
IAP405JDQ_AHB52023_Suidae_2003.002778	P	0.004301075	0.004301075	0	0.002150538	0.004301075	0.002150538	0.002150538	0.004301075	0.002150538	0
BFC103CSH_AHB52122_Suidae_2004.230556	P	0.004376368	0.004376368	0	0.002188184	0.004376368	0.002188184	0.002188184	0.004376368	0.002188184	0
BLT570UJQ_ADY16828_Suidae_2010.166667	P	0.00591716	0.00591716	0	0.01183432	0.01183432	0	0	0	0.00591716	0.00591716
TED299PTP_AHB24819_Suidae_2006.738889	P	0.0056926	0.003795066	0	0.0056926	0.003795066	0.001897533	0.001897533	0.0056926	0.001897533	0.001897533
DDL144XBG_AHB23215_Suidae_2004.919444	P	0.005899705	0.002949853	0	0.004424779	0.004424779	0.002949853	0.001474926	0.007374631	0.001474926	0.002949853
HVD814VGG_AHB24427_Suidae_2010.858333	P	0.004444444	0.002962963	0	0.01037037	0.004444444	0.002962963	0.001481481	0.004444444	0.001481481	0.004444444
LOX265NQD_ADV58897_Avian_2005.402778	A	0.005291005	0.003968254	0	0.006613757	0.003968254	0.002645503	0.001322751	0.005291005	0.001322751	0.003968254
VND017LFH_AEA29306_Suidae_2009.552778	P	0.005291005	0.003968254	0	0.006613757	0.003968254	0.002645503	0.001322751	0.005291005	0.001322751	0.003968254
QVG897WMT_AHB82079_Suidae_2007.811111	P	0.003610108	0.005415162	0	0.003610108	0.003610108	0.003610108	0.001805054	0.007220217	0.001805054	0.001805054
BPV492ODY_AHB24573_Suidae_2011.666667	P	0.004761905	0.004761905	0	0.004761905	0	0.002380952	0.002380952	0.007142857	0	0.002380952
MSP392BIP_AKH03171_Suidae_2011.319444	P	0.005298013	0.002649007	0	0.006622517	0.00397351	0.002649007	0.001324503	0.005298013	0.001324503	0.00397351
JRW712LQM_AHB24584_Suidae_2011.452778	P	0.005524862	0.001381215	0	0.006906077	0.004143646	0.002762431	0.001381215	0.005524862	0.001381215	0.004143646
HRU070TAH_AEO09136_Suidae_2010.833333	P	0.005698006	0	0	0.011396011	0.008547009	0.005698006	0	0.002849003	0.002849003	0.008547009
DTT567UGB_AEO16276_Hominidae_2011.65	H	0.004914005	0.004914005	0	0.004914005	0	0.002457002	0.002457002	0.007371007	0	0.002457002
NEO606LRR_AHB23807_Suidae_2009.263889	P	0.005870841	0.001956947	0	0.007827789	0.005870841	0.001956947	0	0.003913894	0.001956947	0.003913894
SRI046MVE_AEC14316_Suidae_2007	P	0.005270092	0.002635046	0	0.006587615	0.003952569	0.002635046	0.001317523	0.005270092	0.001317523	0.003952569
RKM220ASY_ASY92594_Suidae_2016.583333	P	0.005298013	0.002649007	0	0.006622517	0.00397351	0.002649007	0.001324503	0.005298013	0.001324503	0.00397351
HJN735WLK_AUO32197_Suidae_2017.658333	P	0.005284016	0.001321004	0	0.00660502	0.003963012	0.002642008	0.001321004	0.005284016	0.001321004	0.003963012
JYV313VRU_ADY80085_Suidae_2010.686111	P	0.006224066	0.002074689	0	0.010373444	0.006224066	0.004149378	0	0.004149378	0.002074689	0.008298755
BTB530ETR_AKQ43531_Suidae_2014.841667	P	0.003696858	0.003696858	0	0.003696858	0.001848429	0.001848429	0.001848429	0.007393715	0	0
OAV239OCY_AHB51884_Suidae_2003.977778	P	0.004376368	0.004376368	0	0.002188184	0.004376368	0.002188184	0.002188184	0.004376368	0.002188184	0
ISS590MND_AHB23202_Suidae_2004.655556	P	0.00248139	0.00248139	0	0.00248139	0.004962779	0.00248139	0.00248139	0.004962779	0.00248139	0
UTK639RRR_AHB51945_Suidae_2003.677778	P	0.005076142	0.001692047	0	0.00676819	0.00676819	0.003384095	0	0.005076142	0.001692047	0.005076142
ETM017GUF_AHB52098_Suidae_2004.013889	P	0.004878049	0.002439024	0	0.002439024	0.004878049	0.002439024	0.002439024	0.004878049	0.002439024	0
CZZ406LHG_AHB24718_Suidae_2006.144444	P	0	0	0	0	0.011363636	0.011363636	0	0	0	0
VKA204OPJ_AFX88561_Avian_1986.619444	A	0	0	0	0	0.013986014	0.006993007	0	0	0.006993007	0
JYL762RRK_AHB82077_Suidae_2005.727778	P	0.004158004	0.002079002	0	0.004158004	0.004158004	0.002079002	0.002079002	0.004158004	0.002079002	0.002079002
LBX604LRR_AHB52072_Suidae_2004.855556	P	0.002320186	0.002320186	0	0.002320186	0.004640371	0.004640371	0.002320186	0.006960557	0	0.002320186
WXI091XWY_ADW82132_Hominidae_2009.786111	H	0.006726457	0.002242152	0	0.00896861	0.004484305	0.002242152	0	0.004484305	0.002242152	0.006726457
TAS892TSE_AEA03885_Hominidae_2008.85	H	0.005934718	0.002967359	0	0.008902077	0.002967359	0.002967359	0	0.005934718	0	0.008902077
SPC064BLN_AHZ95853_Hominidae_2012.997222	H	0.007017544	0.003508772	0	0.00877193	0.001754386	0.001754386	0.001754386	0.007017544	0.001754386	0.005263158
FAG172ASO_AFC38433_Hominidae_2009.788889	H	0.005607477	0.003738318	0	0.007476636	0.005607477	0	0.001869159	0.003738318	0.001869159	0.003738318
NYM013NFO_AOV82351_Hominidae_2014.916667	H	0.006289308	0.002096436	0	0.008385744	0.002096436	0.002096436	0.002096436	0.004192872	0	0.006289308
POS748DDQ_AIT92383_Hominidae_2013.080556	H	0.006493506	0.003246753	0	0.006493506	0.003246753	0.003246753	0.001623377	0.006493506	0.001623377	0.00487013
JGH456NXF_AIT92387_Hominidae_2013.102778	H	0.005050505	0.003367003	0	0.006734007	0.001683502	0.003367003	0.001683502	0.006734007	0	0.005050505
LNQ190BTX_AIC64767_Hominidae_2012.580556	H	0.004115226	0.002057613	0	0.002057613	0.004115226	0	0.002057613	0.00617284	0.002057613	0.002057613
PPF632FXF_APC59293_Hominidae_2016.738889	H	0.005284016	0.002642008	0	0.00660502	0.003963012	0.001321004	0.001321004	0.005284016	0.001321004	0.003963012
MKW887GND_AEA04028_Hominidae_2008.888889	H	0.005641749	0.002820874	0	0.007052186	0.005641749	0.001410437	0.001410437	0.005641749	0.001410437	0.002820874
VQX679CKL_ANN00463_Hominidae_2016.161111	H	0	0	0	0	0.0125	0	0	0	0	0
EZF572NTY_AHZ60116_Hominidae_2012.919444	H	0.00228833	0.004576659	0	0.00228833	0.004576659	0	0.00228833	0.004576659	0.00228833	0
HLN602JER_AFM71843_Hominidae_2009	H	0.003861004	0.003861004	0	0.005791506	0.003861004	0	0.001930502	0.003861004	0.001930502	0.001930502
FUA421JNT_AOV82362_Hominidae_2015.075	H	0.004950495	0.00330033	0	0.00660066	0.004950495	0	0.001650165	0.00330033	0.001650165	0.00330033
TWJ521RTZ_AHM00393_Hominidae_2012.986111	H	0.008571429	0.002857143	0	0	0.002857143	0.002857143	0.002857143	0.005714286	0	0.005714286
THN096DVQ_AHZ95851_Hominidae_2012.994444	H	0.007067138	0.001766784	0	0.005300353	0.003533569	0.001766784	0.001766784	0.005300353	0.001766784	0.005300353
LJS326VZJ_ADV69061_Hominidae_2010.975	H	0.0056926	0.001897533	0	0.0056926	0.0056926	0.001897533	0	0.003795066	0.001897533	0.0056926
ONS550SMX_AFM71787_Hominidae_2009	H	0.004024145	0.004024145	0	0.004024145	0.004024145	0	0.002012072	0.004024145	0.002012072	0.002012072
FRK198WKY_AFM71810_Hominidae_2009	H	0.003642987	0.003642987	0	0.007285974	0.003642987	0	0.001821494	0.003642987	0.001821494	0.001821494
MTD889RFP_AEA03941_Hominidae_2008.880556	H	0.00750469	0.001876173	0	0.00750469	0.003752345	0.001876173	0.001876173	0.003752345	0.001876173	0.005628518
APR516JBL_AFJ74533_Hominidae_1998.411111	H	0.005780347	0.005780347	0	0	0	0	0.005780347	0	0	0
SXO315THH_AFM71765_Hominidae_2009	H	0	0.008196721	0	0.008196721	0	0	0	0.016393443	0	0
PAG281PHL_ACY06493_Suidae_2006	P	0.008658009	0.004329004	0	0	0	0	0.004329004	0.004329004	0	0.004329004
FVZ312QXV_AFY24159_Hominidae_2005.694444	H	0.005882353	0.002941176	0	0.005882353	0.002941176	0.001470588	0.001470588	0.005882353	0.001470588	0.004411765
PXB260WDF_AFY24126_Hominidae_2005	H	0.003913894	0.001956947	0	0.007827789	0.007827789	0.003913894	0.001956947	0.005870841	0.001956947	0.005870841
ZMT857MLN_ACH69605_Suidae_2005	P	0.005208333	0	0	0.010416667	0.0078125	0.005208333	0	0.002604167	0.002604167	0.005208333
LML779SDH_ACH69616_Suidae_2005	P	0.005221932	0	0	0.010443864	0.007832898	0.005221932	0	0.002610966	0.002610966	0.005221932
ZRY873DPQ_AHB23240_Suidae_2005.341667	P	0	0	0	0	0.013888889	0.013888889	0	0	0	0
ZQO755WFB_ADY16823_Suidae_2009.833333	P	0.00591716	0	0	0.017751479	0.00591716	0	0	0	0.00591716	0.00591716
VNP506RAQ_AFJ75099_Hominidae_2006.822222	H	0.005714286	0.005714286	0	0.005714286	0	0.005714286	0	0.005714286	0	0.005714286
HVZ564FLU_AFM71750_Hominidae_2000	H	0.004761905	0.003174603	0	0.006349206	0.004761905	0.001587302	0.001587302	0.003174603	0.001587302	0.003174603
QNN704LLV_AFM68984_Hominidae_1979	H	0.005208333	0.003472222	0	0.006944444	0.005208333	0.001736111	0.001736111	0.003472222	0.003472222	0.001736111
KDX537MTV_AFG71983_Hominidae_1972	H	0.005	0.003333333	0	0.008333333	0.001666667	0.001666667	0.001666667	0.006666667	0.001666667	0.005
QAK107GXC_AFK75123_Avian_2010.608333	A	0.003937008	0.003937008	0	0.003937008	0	0	0.003937008	0.007874016	0.003937008	0
ODB438LYC_AHB73812_Avian_2012.211111	A	0.009009009	0.004504505	0	0	0	0	0.004504505	0.004504505	0	0
HUK989BTU_AHB73872_Avian_2012.677778	A	0.009009009	0.004504505	0	0	0	0	0.004504505	0.004504505	0	0
GKL147OUM_AHB73792_Avian_2012.194444	A	0.009009009	0.004504505	0	0	0	0	0.004504505	0.004504505	0	0
AYY988EDZ_AHB73952_Avian_2012.938889	A	0.009009009	0.004504505	0	0	0	0	0.004504505	0.004504505	0	0
BAB909XUV_AHB73852_Avian_2012.622222	A	0.009009009	0.004504505	0	0	0	0	0.004504505	0.004504505	0	0
EIT681PBC_AHB73902_Avian_2012.544444	A	0.009009009	0.004504505	0	0	0	0	0.004504505	0.004504505	0	0.004504505
VEH090TJN_AHB73822_Avian_2012.616667	A	0.009009009	0.004504505	0	0.004504505	0	0	0.004504505	0.004504505	0	0.004504505
CLJ986FLE_AHB73832_Avian_2012.622222	A	0.009009009	0.004504505	0	0.004504505	0	0	0.004504505	0.004504505	0	0
OWJ836XID_ARG42996_Avian_2009.961111	A	0.005208333	0.005208333	0	0.005208333	0.0078125	0.005208333	0	0	0.002604167	0.0078125
PAI895DPE_ALT19294_Avian_2014.975	A	0.005291005	0.003968254	0	0.005291005	0.003968254	0.002645503	0.001322751	0.003968254	0.002645503	0.003968254
JUZ170YID_AFM83241_Avian_2003	A	0.004405286	0.005873715	0	0.004405286	0.004405286	0.002936858	0.001468429	0.002936858	0.002936858	0.002936858
WZA731BUQ_ACG80373_Avian_2007	A	0.006060606	0.003030303	0	0.006060606	0.009090909	0.003030303	0	0	0.003030303	0.006060606
EVJ790NFU_AEK49609_Avian_2008.8	A	0.005486968	0.004115226	0	0.006858711	0.004115226	0.002743484	0.001371742	0.002743484	0.002743484	0.004115226
GXG592SVJ_AEK49762_Avian_2008.816667	A	0.005369128	0.004026846	0	0.006711409	0.004026846	0.002684564	0.001342282	0.002684564	0.002684564	0.004026846
GVF681APK_AEK49842_Avian_2008.872222	A	0.005633803	0.004225352	0	0.007042254	0.004225352	0.002816901	0.001408451	0.002816901	0.002816901	0.002816901
AZM546FIO_AFY05705_Avian_2009.691667	A	0.004739336	0.002369668	0	0.004739336	0.004739336	0.002369668	0.002369668	0.004739336	0.004739336	0.002369668
VTF091FSN_AGB98031_Avian_2010.475	A	0.003937008	0.003937008	0	0.003937008	0.003937008	0.001968504	0.001968504	0.003937008	0.003937008	0.001968504
HEW811ETJ_AFY05672_Avian_2009.691667	A	0.005319149	0.003546099	0	0.007092199	0.005319149	0.00177305	0.00177305	0.003546099	0.003546099	0.00177305
GHG381XWK_AFY09680_Avian_2009.694444	A	0.004830918	0.003220612	0	0.006441224	0.004830918	0.003220612	0.001610306	0.003220612	0.003220612	0.003220612
SPJ692ZJI_AGG81770_Avian_2010.613889	A	0.004098361	0.004098361	0	0.005464481	0.005464481	0.00273224	0.00136612	0.00273224	0.00273224	0.004098361
POW188MJT_AEK49451_Avian_2008.922222	A	0.003236246	0.003236246	0	0.003236246	0.003236246	0.003236246	0.003236246	0.006472492	0.003236246	0
FIQ619QFT_AFY05983_Avian_2007.594444	A	0.005755396	0.004316547	0	0.005755396	0.004316547	0.002877698	0.001438849	0.002877698	0.002877698	0.002877698
FKZ344CLW_AAT65261_Avian_1998	A	0.004975124	0.002487562	0	0.007462687	0.007462687	0.004975124	0	0	0.002487562	0.007462687
DRU603HWC_AGL52525_Avian_2009	A	0.003921569	0.003921569	0	0.003921569	0	0	0.003921569	0.007843137	0.003921569	0
GWA557LAD_AGL52537_Avian_2009.594444	A	0.006465517	0.004310345	0	0.00862069	0	0.002155172	0.002155172	0.004310345	0.004310345	0.004310345
LJE196ERH_AKM13985_Avian_2010.919444	A	0.006504065	0.004878049	0	0.008130081	0	0.001626016	0.001626016	0.006504065	0.001626016	0.004878049
GEH988VUZ_AFY09670_Avian_2009.694444	A	0.007181329	0.005385996	0	0.007181329	0.001795332	0.001795332	0	0.003590664	0.003590664	0.005385996
TXX104DXZ_AKM14017_Avian_2010	A	0.005272408	0.005272408	0	0.008787346	0.001757469	0.001757469	0.001757469	0.005272408	0.001757469	0.003514938
OHK651WGA_AQW43929_Avian_2016.247222	A	0.005830904	0.005830904	0	0.005830904	0	0	0.002915452	0.008746356	0.002915452	0
YLF929LQV_AQW43951_Avian_2016.25	A	0.005780347	0.005780347	0	0.005780347	0	0.002890173	0.002890173	0.00867052	0.002890173	0
PFC741AZO_ATY36314_Avian_2016.608333	A	0.002409639	0.004819277	0	0.002409639	0.004819277	0.002409639	0.002409639	0.004819277	0.002409639	0.002409639
GEF335SMT_AGL52501_Avian_2009	A	0.003629764	0.003629764	0	0.007259528	0.005444646	0.001814882	0.001814882	0.003629764	0.003629764	0.003629764
SLD793ATA_AUI42241_Avian_2016.397222	A	0.005366726	0.003577818	0	0.003577818	0.003577818	0.001788909	0.001788909	0.005366726	0.001788909	0.003577818
CCJ671LBM_AEK49492_Avian_2008.061111	A	0.002557545	0.00511509	0	0.002557545	0.002557545	0	0.002557545	0.00511509	0.002557545	0
IJB280OZO_AFK75133_Avian_2010.608333	A	0.004	0.004	0	0.004	0.004	0.002	0.002	0.004	0.004	0.002
JHO104SXG_AMQ31031_Avian_2014.675	A	0.005284016	0.005284016	0	0.005284016	0.003963012	0.003963012	0.001321004	0.003963012	0.002642008	0.003963012
NUT493APJ_ASU48410_Avian_2016.369444	A	0.006644518	0.003322259	0	0.006644518	0.009966777	0.003322259	0	0	0.003322259	0.006644518
FAP994ZXQ_AKM14080_Avian_2007.097222	A	0.007532957	0.005649718	0	0.005649718	0.003766478	0.001883239	0.001883239	0.001883239	0.001883239	0.005649718
MLN410AQC_BAK40198_Avian_2009.25	A	0.00625	0.00625	0	0.00625	0	0	0	0.00625	0	0
PGI142WYE_ADI79236_Avian_2006.15	A	0.005221932	0.006527415	0	0.006527415	0.005221932	0.002610966	0.001305483	0.003916449	0.002610966	0.005221932
ERV270WET_ADI79245_Avian_2006.15	A	0.005228758	0.007843137	0	0.006535948	0.005228758	0.002614379	0.00130719	0.003921569	0.00130719	0.005228758
XEY262UJW_ADT64882_Avian_1981.002778	A	0.005805515	0.005805515	0	0.004354136	0.004354136	0.002902758	0.001451379	0.004354136	0.001451379	0.005805515
OZP565LLM_ABV56838_Avian_2007	A	0.003984064	0.003984064	0.003984064	0.003984064	0	0.003984064	0.003984064	0.007968127	0	0
UMJ977MLI_AGB51386_Equidae_1956	E	0.003968254	0.006613757	0.001322751	0.003968254	0.002645503	0.005291005	0.002645503	0.003968254	0.001322751	0.005291005
WJB547ZOV_AGT18807_Equidae_1964	E	0.003968254	0.005291005	0.001322751	0.003968254	0.002645503	0.003968254	0.003968254	0.002645503	0.001322751	0.005291005
BHI882BVL_ASB30839_Canidae_2011	D	0.005291005	0.005291005	0.001322751	0.006613757	0.002645503	0.003968254	0.002645503	0.003968254	0.001322751	0.005291005
DQO390GDA_APQ31515_Equidae_2015	E	0.005291005	0.003968254	0.001322751	0.005291005	0.002645503	0.003968254	0.002645503	0.003968254	0.001322751	0.003968254
SKT421CJT_ATL15272_Equidae_2015.722222	E	0	0	0	0	0.00877193	0.00877193	0	0	0	0
JCA989LIX_ATO98097_Equidae_2017.238889	E	0.006613757	0.005291005	0.001322751	0.005291005	0.002645503	0.003968254	0.002645503	0.003968254	0.001322751	0.003968254
LIP805MSE_APQ31506_Equidae_2006	E	0.00528169	0.007042254	0.001760563	0.00528169	0.001760563	0.003521127	0.003521127	0.00528169	0	0.007042254
KQC880TMH_AFO82826_Equidae_2007.672222	E	0.004524887	0.004524887	0	0.013574661	0.009049774	0.004524887	0	0	0.004524887	0.009049774
FCV278QXN_ABD23973_Avian_2005	A	0.005347594	0.005347594	0.005347594	0	0.005347594	0	0	0	0	0
KAH290UIV_ADX21077_Hominidae_2009.786111	H	0.00203252	0	0	0.012195122	0.00203252	0	0	0.010162602	0.004065041	0.004065041
UGO858KEL_AKM14224_Avian_2008.538889	A	0	0	0	0.015748031	0.005249344	0.002624672	0	0.010498688	0.005249344	0.005249344