ABL015BDR_ADY70998_Suidae_2001.313889	P	0	0.356989247	0.335483871	21.50537634	0.249462366	0.212903226	0.172043011	0.006465517	10.94874557	12.51285209
RHM906ZIF_ADY71058_Suidae_2001.913889	P	0	0.356076759	0.330490405	21.32196162	0.253731343	0.213219616	0.176972281	0.006410256	10.93991249	12.50275714
ZEE270XQQ_ADY70868_Suidae_2000.322222	P	0	0.356076759	0.336886994	24.73347548	0.247334755	0.215351812	0.170575693	0.006410256	10.95484475	12.51982257
UHM334RXS_ADY70958_Suidae_2001.083333	P	0	0.356076759	0.334754797	21.32196162	0.251599147	0.213219616	0.172707889	0.006410256	10.92503201	12.48575086
LXC706RWU_ADY70928_Suidae_2000.802778	P	0	0.353944563	0.332622601	21.32196162	0.255863539	0.21108742	0.174840085	0.006410256	10.93126127	12.49287003
FFQ441HFD_ADY71028_Suidae_2001.583333	P	0	0.353944563	0.328358209	21.32196162	0.251599147	0.21108742	0.174840085	0.006410256	10.95111191	12.51555646
KLY271UUJ_ADY70898_Suidae_2000.622222	P	0	0.353944563	0.330490405	21.32196162	0.251599147	0.21108742	0.174840085	0.006410256	10.95207321	12.5166551
AXG371HLI_ADY71048_Suidae_2001.713889	P	0	0.353944563	0.334754797	20.89552239	0.247334755	0.213219616	0.170575693	0.006410256	10.95516544	12.52018908
DOB817ZWV_ADY71018_Suidae_2001.455556	P	0	0.351812367	0.332622601	24.73347548	0.251599147	0.208955224	0.170575693	0.006410256	10.94117263	13.28570962
AGA050DRV_ACR83967_Suidae_2001.969444	P	0	0.356076759	0.345415778	19.40298507	0.249466951	0.213219616	0.170575693	0.006410256	10.93431391	15.62044844
NAQ367DNB_ADY70888_Suidae_2000.575	P	0	0.360341151	0.343283582	20.89552239	0.245202559	0.215351812	0.166311301	0.006410256	11.73313151	14.07975781
SBU349LWX_ADY70577_Suidae_1993.7	P	0	0.356076759	0.341151386	21.32196162	0.247334755	0.213219616	0.168443497	0.006410256	10.96197309	14.87696347
UBW059IOB_ADY71038_Suidae_2001.663889	P	0	0.353944563	0.332622601	21.32196162	0.247334755	0.215351812	0.168443497	0.006410256	10.94699424	14.85663504
ODX878OKZ_ADY70557_Suidae_1993.611111	P	0	0.357601713	0.340471092	21.41327623	0.244111349	0.214132762	0.167023555	0.006437768	10.96512724	14.88124411
YJF260BOP_ACR83965_Suidae_1993.533333	P	0	0.356076759	0.33901919	20.89552239	0.245202559	0.21108742	0.168443497	0.006410256	10.96742479	14.88436221
XYJ118KBS_ADY70547_Suidae_1993.591667	P	0	0.357601713	0.338329764	20.98501071	0.246252677	0.211991435	0.169164882	0.006437768	10.96633531	14.88288364
GMU272LYC_ADY71068_Suidae_2001.991667	P	0	0.356076759	0.330490405	21.32196162	0.253731343	0.204690832	0.174840085	0.006410256	10.95666328	14.8697573
QCL661XLG_ADY70708_Suidae_1994.097222	P	0	0.355460385	0.338329764	20.98501071	0.246252677	0.209850107	0.169164882	0.006437768	10.98579612	14.12459501
IVL692HII_AGN69269_Suidae_1992	P	0	0.356076759	0.33901919	21.32196162	0.243070362	0.213219616	0.166311301	0.006410256	10.96560362	14.88189062
SGB271WKE_ADY70878_Suidae_2000.527778	P	0	0.353944563	0.33901919	21.32196162	0.243070362	0.208955224	0.170575693	0.006410256	10.96868449	14.88607181
EJI707ZVH_ADY70948_Suidae_2001.044444	P	0	0.353944563	0.341151386	20.89552239	0.249466951	0.208955224	0.172707889	0.006410256	10.98697901	14.91090008
QXV808IOA_ACR83963_Suidae_2001.272222	P	0	0.358974359	0.337606838	24.78632479	0.247863248	0.215811966	0.173076923	0.006423983	10.97065297	14.10512525
AWT954RTL_AGN69280_Suidae_1991	P	0	0.356076759	0.341151386	21.32196162	0.243070362	0.208955224	0.168443497	0.006410256	10.96630586	14.88284366
GQU225FND_ADH83353_Suidae_2008.502778	P	0	0.351812367	0.336886994	20.89552239	0.247334755	0.206823028	0.166311301	0.006410256	10.94133832	14.84895915
OND949FJK_ADV69026_Suidae_2010.75	P	0	0.349680171	0.336886994	20.89552239	0.249466951	0.204690832	0.166311301	0.006410256	10.94901824	14.8593819
WJU630FQR_ADH83355_Suidae_2009.344444	P	0	0.351812367	0.33901919	20.89552239	0.249466951	0.206823028	0.164179104	0.006410256	10.93157059	14.83570295
KZB008ZFA_ACY06412_Suidae_2006	P	0	0.353944563	0.33901919	21.32196162	0.245202559	0.206823028	0.164179104	0.006410256	10.98859016	14.12818735
XOW518JFO_ADG23202_Suidae_2009.833333	P	0	0.351812367	0.336886994	20.89552239	0.247334755	0.206823028	0.164179104	0.006410256	10.95603963	15.65148519
HOI079HCA_ADH83357_Suidae_2009.505556	P	0	0.349680171	0.33901919	20.89552239	0.247334755	0.204690832	0.162046908	0.006410256	10.92922074	14.83251386
WTT079HWD_ADD21449_Suidae_2008.894444	P	0	0.349680171	0.341151386	21.32196162	0.245202559	0.202558635	0.162046908	0.006410256	10.96518986	14.09810125
EBD576GFZ_ADV78484_Suidae_2009.219444	P	0	0.351812367	0.33901919	20.89552239	0.247334755	0.206823028	0.166311301	0.006410256	10.9653558	14.88155431
CVH838HWC_ADV69028_Suidae_2005.833333	P	0	0.349680171	0.336886994	21.32196162	0.247334755	0.204690832	0.166311301	0.006410256	10.98180368	14.90387642
THS001UYB_ADZ04779_Suidae_1994.316667	P	0	0.354077253	0.339055794	21.45922747	0.24248927	0.208154506	0.163090129	0.006451613	10.96052902	14.87500367
OEN831ZZG_ADZ04809_Suidae_1994.336111	P	0	0.355460385	0.340471092	21.41327623	0.241970021	0.209850107	0.162740899	0.006437768	10.96344484	14.87896085
LVB299NMB_ADZ04719_Suidae_1994.15	P	0	0.353944563	0.33901919	21.32196162	0.243070362	0.208955224	0.164179104	0.006410256	10.95735086	14.87069046
XAQ233DRR_AHB21186_Suidae_2007.816667	P	0	0.360341151	0.33901919	21.32196162	0.240938166	0.21108742	0.164179104	0.006410256	11.72370354	13.28686401
XBS842UFH_AHB21198_Suidae_2007.816667	P	0	0.360341151	0.336886994	21.32196162	0.245202559	0.208955224	0.166311301	0.006410256	11.69995096	13.25994442
RHB670GTN_AHB52164_Suidae_2005.186111	P	0	0.360341151	0.341151386	21.32196162	0.245202559	0.208955224	0.166311301	0.006410256	11.70377595	13.26427941
FNM184EQU_AHB51175_Suidae_2003.788889	P	0	0.362473348	0.343283582	24.73347548	0.240938166	0.215351812	0.164179104	0.006410256	11.70340402	13.26385789
ZBL041ZWJ_AHB51283_Suidae_2004.808333	P	0	0.362473348	0.336886994	21.32196162	0.251599147	0.202558635	0.174840085	0.006410256	11.73524859	13.29994841
DYJ237JSO_AEN94888_Suidae_2002	P	0	0.358208955	0.33901919	20.89552239	0.251599147	0.206823028	0.172707889	0.006410256	11.72462634	13.28790986
NAQ517RVE_AEO91836_Suidae_2003.183333	P	0	0.358208955	0.33901919	20.89552239	0.247334755	0.21108742	0.170575693	0.006410256	11.74075754	13.30619188
IXC656YGB_AHB51393_Suidae_2005.186111	P	0	0.358208955	0.336886994	20.89552239	0.253731343	0.206823028	0.176972281	0.006410256	11.72715503	14.07258604
KSG587FHK_AHB51199_Suidae_2003.058333	P	0	0.360341151	0.341151386	21.32196162	0.251599147	0.21108742	0.174840085	0.006410256	11.68371339	14.7993703
VAO240MWS_ACF25603_Avian_1990	A	0	0.358208955	0.343283582	19.40298507	0.23880597	0.217484009	0.164179104	0.006410256	10.95905381	14.8730016
ROZ879ZLC_ACI41025_Avian_1988	A	0	0.35042735	0.337606838	21.15384615	0.239316239	0.205128205	0.162393162	0.006423983	10.91735347	14.81640829
COU559UKB_ABY84687_Suidae_1991	P	0	0.358208955	0.341151386	20.89552239	0.243070362	0.21108742	0.170575693	0.006410256	10.97567638	14.11158391
SRI046MVE_AEC14320_Suidae_2007	P	0	0.357142857	0.350446429	20.08928571	0.25	0.205357143	0.180803571	0.002237136	10.23115134	13.37919791
NJT063VGK_ACI26607_Suidae_1990	P	0	0.358208955	0.343283582	20.89552239	0.243070362	0.21108742	0.170575693	0.006410256	10.97412654	14.89345745
EHH104CGV_AEA29451_Suidae_2009.352778	P	0	0.349680171	0.332622601	21.32196162	0.243070362	0.21108742	0.166311301	0.006410256	10.97811835	14.1147236
RYO235HZS_AEM60094_Suidae_1990	P	0	0.356837607	0.337606838	20.72649573	0.247863248	0.207264957	0.173076923	0.006423983	10.96000215	14.09143133
OFG062HTS_ATJ02253_Suidae_2016.436111	P	0	0.360341151	0.341151386	21.32196162	0.253731343	0.206823028	0.18336887	0.006410256	10.98933397	14.9140961
BGP731KMJ_AMY16005_Suidae_2012.702778	P	0	0.360341151	0.332622601	21.32196162	0.253731343	0.208955224	0.170575693	0.006410256	11.67014288	14.00417146
GSD684LJY_ABR29568_Suidae_1991	P	0	0.358208955	0.345415778	21.32196162	0.240938166	0.213219616	0.166311301	0.006410256	10.96033388	14.87473884
ZCX551NNO_ABW71524_Suidae_1991	P	0	0.360341151	0.345415778	21.32196162	0.240938166	0.215351812	0.166311301	0.006410256	10.96063296	14.87514473
ISM055SWS_ACF25593_Avian_1992	A	0	0.358208955	0.343283582	21.32196162	0.240938166	0.213219616	0.166311301	0.006410256	10.950785	14.86177965
SQR307EZY_AFN06481_Suidae_2008.833333	P	0	0.356076759	0.33901919	21.32196162	0.245202559	0.21108742	0.170575693	0.006410256	10.94904634	14.85942003
ALP289REA_ABR29578_Suidae_1987	P	0	0.358208955	0.341151386	19.40298507	0.247334755	0.21108742	0.170575693	0.006410256	10.96893149	15.66990212
CUB683MWD_ABU80423_Suidae_1987	P	0	0.358208955	0.343283582	19.40298507	0.245202559	0.21108742	0.168443497	0.006410256	10.97956911	15.68509873
LET674BVF_ABW86599_Suidae_1985	P	0	0.358208955	0.341151386	20.89552239	0.247334755	0.21108742	0.170575693	0.006410256	10.97322773	14.89223764
UJN825KSU_ABR28705_Suidae_1971	P	0	0.360341151	0.33901919	19.40298507	0.247334755	0.213219616	0.166311301	0.006410256	10.95392476	14.08361755
HZJ685LIP_ABV82598_Suidae_1966	P	0	0.360341151	0.341151386	20.89552239	0.245202559	0.215351812	0.164179104	0.004273504	10.95503792	14.08504875
ONW260HFM_ABR28727_Suidae_1970	P	0	0.358208955	0.33901919	24.73347548	0.243070362	0.215351812	0.162046908	0.006410256	10.95553355	14.08568599
EMF965XNS_ABR28551_Suidae_1977	P	0	0.364605544	0.343283582	24.73347548	0.247334755	0.213219616	0.170575693	0.006410256	10.96592474	14.09904609
VIR921UFM_ABR15822_Suidae_1976	P	0	0.358208955	0.33901919	20.89552239	0.245202559	0.21108742	0.168443497	0.006410256	10.9888402	14.12850883
DMN190RJE_ABU80413_Suidae_1977	P	0	0.356076759	0.332622601	24.73347548	0.243070362	0.21108742	0.164179104	0.006410256	10.97352442	13.32499394
NZD467SQK_AIE52504_Hominidae_1976	H	0	0.360341151	0.334754797	20.89552239	0.247334755	0.208955224	0.168443497	0.006410256	10.98314613	13.33667744
YXC389ZFG_ADY69874_Suidae_1977	P	0	0.356521739	0.341304348	19.7826087	0.239130435	0.215217391	0.165217391	0.006535948	10.9821329	14.11988516
JAZ647ORR_ADY70170_Suidae_1977.297222	P	0	0.354978355	0.33982684	19.6969697	0.24025974	0.216450216	0.164502165	0.004338395	11.02974908	14.18110596
ZDA608UYA_AFR75991_Suidae_1990.933333	P	0	0.362473348	0.343283582	21.32196162	0.249466951	0.215351812	0.170575693	0.006410256	10.95166916	14.08071749
NBH814EKE_AFR76451_Suidae_1990.461111	P	0	0.360341151	0.341151386	20.89552239	0.251599147	0.208955224	0.170575693	0.006410256	10.95057179	14.07930658
ORQ411HUZ_ADY70225_Suidae_1977.316667	P	0	0.358208955	0.334754797	21.32196162	0.240938166	0.21108742	0.166311301	0.006410256	10.99808151	13.35481327
LGU353LEM_AHN04969_Avian_1983	A	0	0.358208955	0.341151386	19.40298507	0.251599147	0.206823028	0.168443497	0.006410256	10.94646224	14.85591304
YSA952FPF_ABW36347_Suidae_1981	P	0	0.358208955	0.336886994	19.40298507	0.247334755	0.21108742	0.170575693	0.006410256	10.97996449	14.90138037
GRF190IMC_AEM60105_Suidae_1986	P	0	0.360341151	0.33901919	20.89552239	0.249466951	0.21108742	0.170575693	0.006410256	10.94736496	15.6390928
KUU607CZP_ACZ62777_Suidae_1983.377778	P	0	0.358208955	0.33901919	20.89552239	0.247334755	0.208955224	0.170575693	0.006410256	10.97743361	14.89794562
AHT885BBC_ACN85537_Suidae_2007.427778	P	0	0.356076759	0.341151386	21.32196162	0.253731343	0.21108742	0.176972281	0.006410256	10.96875388	14.88616597
JYB759VJM_ACN90989_Suidae_2003.583333	P	0	0.357142857	0.348484848	20.34632035	0.253246753	0.196969697	0.181818182	0.006507592	10.97290516	14.89179987
JHS641LKF_ACN85528_Suidae_1992.686111	P	0	0.358208955	0.343283582	21.32196162	0.243070362	0.21108742	0.168443497	0.006410256	10.96043619	14.87487768
DQV658VDR_AEI30052_Suidae_2009.666667	P	0	0.353944563	0.33901919	19.40298507	0.253731343	0.202558635	0.172707889	0.006410256	11.73521658	15.64695544
QYB616KRN_AGI02405_Suidae_2013.130556	P	0	0.362473348	0.347547974	18.33688699	0.255863539	0.204690832	0.174840085	0.006410256	11.71479327	14.05775193
EDE265NWC_AGK24446_Suidae_2013.180556	P	0	0.362473348	0.345415778	18.33688699	0.255863539	0.204690832	0.176972281	0.006410256	11.73041022	14.07649226
EET128WRA_AGB08492_Suidae_2012.886111	P	0	0.364605544	0.349680171	19.40298507	0.255863539	0.204690832	0.174840085	0.006410256	11.71732569	14.06079083
EYU762LWW_AFL56762_Suidae_2012.202778	P	0	0.362473348	0.345415778	20.89552239	0.247334755	0.208955224	0.168443497	0.006410256	11.72431685	13.2875591
LQP097BAS_AGG86749_Suidae_2013.047222	P	0	0.360341151	0.343283582	20.89552239	0.251599147	0.208955224	0.170575693	0.006410256	11.73024329	14.07629194
EGE184LLD_AMM43229_Suidae_2016.058333	P	0	0.364605544	0.345415778	19.40298507	0.257995736	0.206823028	0.174840085	0.006410256	11.72037263	14.06444716
FUZ866LXO_AND81106_Suidae_2016.225	P	0	0.364605544	0.347547974	18.33688699	0.257995736	0.206823028	0.176972281	0.006410256	11.72646197	14.07175437
SXB378MZR_AHB24649_Suidae_2011.666667	P	0	0.364605544	0.349680171	20.04264392	0.249466951	0.208955224	0.170575693	0.006410256	11.73192756	14.86044158
SYR422JTU_ADZ96087_Suidae_2010.941667	P	0	0.362473348	0.347547974	20.04264392	0.251599147	0.206823028	0.174840085	0.006410256	11.73729619	14.08475543
NNW325WCZ_AEP17032_Suidae_2011.230556	P	0	0.362473348	0.347547974	20.04264392	0.251599147	0.206823028	0.172707889	0.006410256	11.72292119	14.06750543
JWM089UEB_AEF33051_Suidae_2010.897222	P	0	0.364605544	0.345415778	20.04264392	0.255863539	0.208955224	0.174840085	0.006410256	11.7203989	13.28311876
XTD866XJX_AOO54965_Suidae_2016.588889	P	0	0.358208955	0.33901919	20.04264392	0.255863539	0.204690832	0.176972281	0.006410256	10.92933033	14.05199614
QPS991DRU_AQN75836_Suidae_2016.975	P	0	0.364605544	0.349680171	20.04264392	0.251599147	0.208955224	0.172707889	0.006410256	11.71653381	14.05984057
MUE471IIP_AET09996_Suidae_2011.430556	P	0	0.364605544	0.349680171	20.04264392	0.251599147	0.208955224	0.172707889	0.006410256	11.7279285	14.07351421
NPN370TUE_AFM46429_Suidae_2012.166667	P	0	0.364605544	0.349680171	19.40298507	0.249466951	0.206823028	0.174840085	0.006410256	11.75866797	14.11040156
XGQ615LON_AHI97946_Suidae_2011.763889	P	0	0.362473348	0.345415778	20.89552239	0.253731343	0.204690832	0.176972281	0.006410256	11.75849973	14.11019967
CBT722OOX_ALE66740_Suidae_2011.908333	P	0	0.360341151	0.343283582	20.89552239	0.253731343	0.202558635	0.179104478	0.006410256	11.77593605	14.13112326
AZV822WGS_AFM78664_Suidae_2010.316667	P	0	0.364035088	0.350877193	20.61403509	0.252192982	0.206140351	0.177631579	0.004395604	11.7726689	14.12720268
HMB637ZIR_AHB72807_Suidae_2013.830556	P	0	0.362473348	0.341151386	19.40298507	0.251599147	0.204690832	0.176972281	0.006410256	11.7575757	14.10909084
RJD905DOQ_AHI43492_Suidae_2013.866667	P	0	0.36673774	0.351812367	20.04264392	0.255863539	0.206823028	0.176972281	0.006410256	11.73352277	14.08022733
JII848PML_AEP17259_Suidae_2011.241667	P	0	0.364605544	0.345415778	19.40298507	0.253731343	0.208955224	0.170575693	0.006410256	11.72024163	14.06428996
WMF931BKD_AFY08091_Suidae_2012.733333	P	0	0.36673774	0.349680171	19.40298507	0.253731343	0.21108742	0.172707889	0.006410256	11.72536253	14.07043503
YTB698SOS_AFH77001_Suidae_2011.083333	P	0	0.362473348	0.345415778	19.40298507	0.255863539	0.202558635	0.176972281	0.006410256	11.75172693	14.10207231
KQP763RGI_AFM78662_Suidae_2010.025	P	0	0.364605544	0.341151386	20.04264392	0.251599147	0.206823028	0.174840085	0.006410256	11.75337177	13.32048801
LDW614FAR_ALZ43199_Suidae_2012.811111	P	0	0.358208955	0.33901919	20.89552239	0.253731343	0.208955224	0.181236674	0.006410256	10.95644672	14.08686007
QVI059HOC_BAK23284_Suidae_2005	P	0	0.353944563	0.336886994	24.73347548	0.236673774	0.215351812	0.153518124	0.006410256	10.95253887	14.08183569
NEJ913JOK_AHB59343_Suidae_2013.852778	P	0.002136752	0.349680171	0.33901919	24.73347548	0.236673774	0.217484009	0.157782516	0.006410256	10.98338342	14.12149297
JCO713VYA_ABS00324_Suidae_2004	P	0	0.35106383	0.321276596	24.68085106	0.261702128	0.2	0.174468085	0.004264392	11.68981598	13.24845811
FWL693ZBY_ASF57939_Suidae_2016.197222	P	0.002178649	0.35	0.330434783	26.95652174	0.263043478	0.202173913	0.173913043	0.004357298	10.83694117	14.7072773
OFX898CBH_AEA04357_Hominidae_1947.416667	H	0.002159827	0.357758621	0.316810345	23.92241379	0.273706897	0.193965517	0.202586207	0.004319654	11.70893722	14.05072467
VXK976FKW_AFM68957_Hominidae_1934	H	0.004424779	0.348785872	0.317880795	26.93156733	0.267108168	0.200883002	0.187637969	0.004424779	9.358012567	14.81685323
FMZ465LZA_AGQ47850_Hominidae_1935	H	0.004424779	0.353200883	0.306843267	25.38631347	0.27593819	0.198675497	0.19205298	0.004424779	10.11506443	13.22739195
MGR046UJX_AHB73405_Avian_2010.986111	A	0.002232143	0.345211581	0.320712695	23.60801782	0.265033408	0.195991091	0.182628062	0.008928571	9.407254919	15.6787582
OUV512XGK_AIX94854_Avian_2013	A	0.002283105	0.348519362	0.316628702	23.91799544	0.266514806	0.198177677	0.189066059	0.00913242	9.419773547	14.91464145
BXL595ELG_AIX94880_Avian_2013	A	0.002293578	0.347826087	0.308924485	21.51029748	0.267734554	0.199084668	0.185354691	0.009174312	9.402113388	15.67018898
VKR279YMS_AIX94892_Avian_2013	A	0.002237136	0.348214286	0.316964286	23.4375	0.265625	0.203125	0.185267857	0.008948546	8.632891111	15.69616566
NXP822OME_AHB73072_Avian_2011.052778	A	0.002232143	0.34298441	0.31403118	21.38084633	0.267260579	0.19376392	0.187082405	0.008928571	9.437053131	15.72842189
QTK781RGO_AHB72925_Avian_2011.675	A	0.002232143	0.347438753	0.316258352	21.38084633	0.267260579	0.195991091	0.189309577	0.008928571	9.427186212	14.92637817
NCG796ZBF_AHB72891_Avian_2011.247222	A	0.002232143	0.345211581	0.311804009	21.38084633	0.269487751	0.19376392	0.187082405	0.008928571	9.391794728	15.65299121
CVS506RFF_AIX94868_Avian_2013	A	0.002232143	0.347438753	0.311804009	21.38084633	0.267260579	0.195991091	0.187082405	0.008928571	9.414073774	14.90561681
ERM160XNW_ACJ24954_Avian_2006.125	A	0.002232143	0.347438753	0.318485523	21.38084633	0.265033408	0.195991091	0.184855234	0.008928571	9.423149922	14.91998738
XXQ984PIR_ACD84812_Avian_2005	A	0.002232143	0.347438753	0.316258352	20.93541203	0.265033408	0.195991091	0.184855234	0.008928571	9.420311782	14.91549365
LGL066FGP_AFW17294_Avian_2010.166667	A	0.002232143	0.349665924	0.320712695	20.93541203	0.265033408	0.19376392	0.184855234	0.008928571	10.19280354	14.89717441
VIP134NWJ_AHB72946_Avian_2010.072222	A	0.002232143	0.349665924	0.316258352	21.38084633	0.269487751	0.195991091	0.187082405	0.008928571	9.399113258	14.88192932
MJA265OXJ_AFW17325_Avian_2009.416667	A	0.002232143	0.349665924	0.320712695	21.38084633	0.267260579	0.195991091	0.187082405	0.008928571	9.418963684	15.69827281
TMT214ETD_AGJ73008_Avian_2009.441667	A	0.002304147	0.356321839	0.314942529	20.68965517	0.262068966	0.197701149	0.181609195	0.00921659	10.18695384	14.10501301
ZHW911WEP_AFW18186_Avian_2009.4	A	0.002277904	0.35	0.313636364	19.77272727	0.268181818	0.195454545	0.186363636	0.009111617	9.405380479	14.89185242
RYA305HDZ_AFW17359_Avian_2009.833333	A	0.002232143	0.349665924	0.318485523	21.38084633	0.267260579	0.195991091	0.187082405	0.008928571	9.419298858	14.91388986
COG955UPT_BAV17037_Avian_2009	A	0.002232143	0.351893096	0.320712695	21.38084633	0.267260579	0.198218263	0.187082405	0.008928571	9.414609747	14.90646543
VSK215LCD_ACD37789_Avian_2007	A	0.002232143	0.349665924	0.320712695	20.93541203	0.269487751	0.191536748	0.184855234	0.008928571	9.394848239	14.87517638
RVP748YEC_AEX40660_Avian_2008.047222	A	0.002252252	0.346067416	0.321348315	21.12359551	0.269662921	0.186516854	0.186516854	0.009009009	9.418438263	14.91252725
AYG667BVI_ABK34766_Avian_2006	A	0.002232143	0.345211581	0.318485523	20.93541203	0.269487751	0.187082405	0.189309577	0.006696429	9.422933368	14.9196445
REW642HXO_AEX30613_Avian_2008.430556	A	0.002232143	0.34298441	0.307349666	20.93541203	0.265033408	0.191536748	0.184855234	0.006696429	9.395207287	14.09281093
DLY240AAP_ADG59221_Avian_2009	A	0.002232143	0.34298441	0.320712695	21.38084633	0.269487751	0.187082405	0.19376392	0.006696429	8.655901983	15.73800361
KYK014ENU_ARV89950_Avian_2012.525	A	0.002232143	0.345211581	0.325167038	21.38084633	0.269487751	0.191536748	0.19376392	0.004464286	8.637920512	16.49057552
OUY289DPQ_AGH25305_Suidae_2008.916667	P	0.002232143	0.347438753	0.331848552	21.38084633	0.269487751	0.191536748	0.19376392	0.006696429	8.648856766	16.51145383
KKV804UQN_ADG59200_Avian_2005	A	0.002232143	0.347438753	0.318485523	21.38084633	0.271714922	0.19376392	0.19376392	0.006696429	8.64018419	14.92395451
UTZ975YVT_ADG59215_Avian_2009	A	0.002232143	0.347438753	0.325167038	20.93541203	0.271714922	0.191536748	0.189309577	0.006696429	9.409267611	14.89800705
QAY364UUF_ADG59228_Avian_2005	A	0.002232143	0.347438753	0.318485523	21.38084633	0.273942094	0.19376392	0.191536748	0.006696429	8.610518422	14.87271364
EIT713OVZ_ADG59216_Avian_2005	A	0.002232143	0.345211581	0.318485523	21.38084633	0.271714922	0.191536748	0.187082405	0.006696429	8.605447546	14.86395485
HBW239PIT_ACZ45154_Avian_2004	A	0.002232143	0.34298441	0.316258352	21.38084633	0.271714922	0.189309577	0.19376392	0.006696429	8.634325287	14.91383459
CLQ694HYP_ABI98939_Avian_2003	A	0.002293578	0.350114416	0.322654462	18.30663616	0.276887872	0.19221968	0.199084668	0.006880734	7.851007073	14.91691344
VOF536XHJ_AQW43967_Avian_2016.258333	A	0.002232143	0.345211581	0.327394209	21.38084633	0.260579065	0.198218263	0.182628062	0.008928571	9.423306491	15.70551082
XXG108DSA_ATI21285_Suidae_2015	P	0	0.347438753	0.331848552	21.38084633	0.262806236	0.200445434	0.184855234	0.008928571	8.657851905	15.74154892
HAK890WDN_APG38798_Avian_2013.511111	A	0.002247191	0.34529148	0.32735426	21.52466368	0.264573991	0.197309417	0.186098655	0.008988764	8.630395517	15.69162821
AMD945LCN_AQW43554_Avian_2014.994444	A	0.002232143	0.351893096	0.325167038	17.81737194	0.280623608	0.191536748	0.200445434	0.008928571	8.602885412	14.85952935
EFR589NLO_AQW43699_Avian_2014.544444	A	0.002247191	0.349775785	0.331838565	21.07623318	0.275784753	0.19058296	0.197309417	0.008988764	8.605999698	15.64727218
ZRH103WYV_AQW43541_Avian_2014.994444	A	0.002237136	0.348214286	0.316964286	17.63392857	0.28125	0.183035714	0.198660714	0.008948546	9.406999351	14.11049903
SLX039ESB_ABY67922_Avian_2007	A	0.002232143	0.34298441	0.327394209	17.81737194	0.267260579	0.191536748	0.187082405	0.008928571	8.643234781	14.92922371
ZMB102FAA_ACR48935_Avian_2008	A	0.002257336	0.342342342	0.333333333	21.17117117	0.268018018	0.191441441	0.184684685	0.009029345	8.624430778	15.68078323
OGG979YNK_AGH25306_Suidae_2009	P	0.002232143	0.34298441	0.331848552	20.93541203	0.267260579	0.19376392	0.184855234	0.008928571	8.623373559	15.67886102
DOB528BEL_ADG59219_Avian_2009	A	0.002232143	0.345211581	0.327394209	17.81737194	0.267260579	0.19376392	0.182628062	0.008928571	9.387156202	15.64526034
WTT584KKD_ACJ26189_Avian_2007	A	0.002298851	0.344036697	0.318807339	18.57798165	0.270642202	0.190366972	0.183486239	0.009195402	9.391520366	15.65253394
FRX303HPX_ALE66395_Avian_2012.972222	A	0.002232143	0.347438753	0.329621381	21.38084633	0.265033408	0.19376392	0.187082405	0.008928571	8.604213451	17.2084269
MFB324XAP_ACR49054_Avian_2006.833333	A	0.002247191	0.343049327	0.32735426	20.85201794	0.269058296	0.195067265	0.188340807	0.006741573	8.635948664	14.9166386
SIH624TPH_ADI46340_Suidae_2006	P	0.002232143	0.338530067	0.320712695	20.93541203	0.269487751	0.189309577	0.184855234	0.006696429	8.634231339	14.91367231
YOG586SIX_ABI36025_Avian_2005.758333	A	0.002257336	0.34009009	0.324324324	21.62162162	0.268018018	0.189189189	0.186936937	0.006772009	8.64083236	14.92507408
KNX405YBE_ACR49061_Avian_2006.833333	A	0.002232143	0.338530067	0.322939866	20.93541203	0.269487751	0.189309577	0.187082405	0.006696429	8.646722063	14.9352472
OMH356DIF_AIW60814_Avian_2009.416667	A	0.002232143	0.34298441	0.325167038	21.38084633	0.271714922	0.191536748	0.191536748	0.008928571	8.62236275	14.89317202
KHL977EKU_ACR49049_Avian_2005	A	0.002232143	0.34298441	0.320712695	20.93541203	0.262806236	0.195991091	0.182628062	0.008928571	8.635672995	14.91616245
MIA052GID_AKI82313_Avian_2007	A	0.002232143	0.338530067	0.322939866	23.60801782	0.260579065	0.191536748	0.182628062	0.008928571	8.653361068	14.94671457
FBR515UWA_ADI46341_Suidae_2006	P	0.002232143	0.338530067	0.31403118	20.93541203	0.269487751	0.189309577	0.187082405	0.008928571	8.632447753	14.91059157
FNY915RKR_ABJ09536_Avian_2004	A	0.002232143	0.345211581	0.316258352	20.93541203	0.267260579	0.19376392	0.189309577	0.006696429	9.437022625	14.94195249
PGZ256ZBC_AAW59414_Avian_2004	A	0.002232143	0.345211581	0.322939866	17.81737194	0.269487751	0.189309577	0.191536748	0.006696429	8.662295618	14.96214698
UNJ966XSC_ACA47760_Avian_2003	A	0.002267574	0.341628959	0.319004525	18.09954751	0.266968326	0.192307692	0.187782805	0.006802721	8.649308985	14.93971552
AHZ041VYL_AEB26716_Avian_2003.291667	A	0.002232143	0.345211581	0.322939866	21.38084633	0.267260579	0.195991091	0.184855234	0.006696429	8.622637207	15.67752219
EPK971DIY_ANN44976_Suidae_2014.838889	P	0.002232143	0.340757238	0.318485523	20.93541203	0.267260579	0.189309577	0.189309577	0.006696429	8.664879166	14.96660947
YRZ893OKX_ADM95382_Avian_2006.583333	A	0.002232143	0.34298441	0.320712695	17.59465479	0.271714922	0.189309577	0.191536748	0.006696429	9.391819838	15.65303306
ZZT048LKC_ADM95387_Avian_2006.6	A	0.002232143	0.338530067	0.320712695	17.59465479	0.276169265	0.189309577	0.195991091	0.006696429	7.838011759	15.67602352
NQW278FWW_APG38655_Avian_2013.313889	A	0.002232143	0.336302895	0.311804009	17.59465479	0.273942094	0.189309577	0.19376392	0.006696429	9.40867032	15.6811172
CNF663OQK_APG38776_Avian_2013.433333	A	0.002232143	0.338530067	0.309576837	17.59465479	0.276169265	0.191536748	0.195991091	0.006696429	9.38854283	15.64757138
MXL173JLU_ADM95380_Avian_2005.105556	A	0.002272727	0.340136054	0.324263039	17.9138322	0.276643991	0.188208617	0.195011338	0.006818182	8.636675997	15.70304727
TRQ727JDU_ACE73594_Avian_2008	A	0.002222222	0.348115299	0.310421286	20.84257206	0.283813747	0.188470067	0.206208426	0.006666667	8.590863535	14.83876429
BRJ495ANI_AEK65161_Avian_2005	A	0.002237136	0.341517857	0.321428571	20.98214286	0.272321429	0.189732143	0.196428571	0.006711409	8.639834801	15.70879055
CXH827XPB_AGT40928_Avian_2000.319444	A	0.002242152	0.353467562	0.32885906	25.05592841	0.255033557	0.199105145	0.18344519	0.006726457	11.00994515	15.72849308
KBB860JXQ_AGT41144_Avian_2000.086111	A	0.002242152	0.355704698	0.326621924	23.26621924	0.257270694	0.196868009	0.185682327	0.006726457	11.01959054	15.7422722
YTF912KWS_AGT40862_Avian_2000.741667	A	0.002242152	0.353467562	0.326621924	23.48993289	0.261744966	0.192393736	0.185682327	0.006726457	10.98571522	15.69387888
WSS769FHV_AER57953_Avian_2009.166667	A	0.002232143	0.356347439	0.336302895	21.38084633	0.260579065	0.202672606	0.184855234	0.006696429	10.21771809	15.71956629
AXH690RIJ_ABD35643_Avian_2001	A	0.002202643	0.356043956	0.338461538	21.97802198	0.246153846	0.206593407	0.173626374	0.00660793	11.01826219	14.95335583
XFB386APO_ABR31775_Avian_2000	A	0.002192982	0.358862144	0.345733042	22.7571116	0.245076586	0.210065646	0.172866521	0.006578947	11.00281897	15.71831281
ZDS756TUR_ACF36756_Avian_1983	A	0.002242152	0.348993289	0.324384787	23.48993289	0.252796421	0.208053691	0.172259508	0.006726457	10.19307447	15.68165304
WEF447IWA_AKC91361_Avian_2015.097222	A	0.002227171	0.355555556	0.34	23.77777778	0.255555556	0.202222222	0.18	0.006681514	10.2176356	15.71943938
KSD049DMK_AFR76229_Suidae_2005.269444	P	0.002136752	0.358208955	0.343283582	20.89552239	0.255863539	0.202558635	0.185501066	0.006410256	10.94042129	14.84771461
DCC560FOQ_BAL70414_Suidae_2009	P	0.002136752	0.353944563	0.353944563	20.04264392	0.249466951	0.208955224	0.172707889	0.006410256	10.92468885	16.38703328
JVD945HEX_APF46308_Hominidae_2016.75	H	0.004282655	0.352564103	0.356837607	20.72649573	0.247863248	0.198717949	0.179487179	0.004282655	10.9780502	15.68292885
IVS218CEO_APT36524_Suidae_2016.088889	P	0.002136752	0.351812367	0.360341151	24.30703625	0.243070362	0.202558635	0.176972281	0.006410256	10.20895951	15.70609156
EHA553BHI_ATE48441_Suidae_2016.969444	P	0.002136752	0.356076759	0.353944563	22.60127932	0.234541578	0.21108742	0.164179104	0.004273504	11.72356254	15.63141672
QFK412KHR_ATE48464_Suidae_2016.969444	P	0.004273504	0.362473348	0.360341151	24.30703625	0.245202559	0.213219616	0.179104478	0.004273504	10.95768268	14.87114078
DWP199PXG_ALX29514_Suidae_2013	P	0.002141328	0.35042735	0.354700855	22.43589744	0.247863248	0.196581197	0.179487179	0.006423983	11.02359225	15.74798893
SAU635WIZ_ALX30301_Suidae_2015	P	0.004273504	0.349680171	0.356076759	24.30703625	0.251599147	0.196162047	0.18336887	0.006410256	11.02547074	16.53820611
EIO403KXC_ALX29727_Suidae_2014	P	0.002136752	0.347547974	0.351812367	24.30703625	0.253731343	0.208955224	0.179104478	0.006410256	9.418716102	15.69786017
VDA514BMR_AMY15697_Suidae_2012.255556	P	0.002136752	0.345415778	0.345415778	20.89552239	0.247334755	0.196162047	0.174840085	0.008547009	10.99636406	15.70909152
TKC504SFU_AGB12999_Hominidae_2011.147222	H	0.002309469	0.35483871	0.368663594	19.12442396	0.232718894	0.216589862	0.168202765	0.004618938	9.412250529	14.11837579
HRZ884BMP_AKL90894_Hominidae_2012.030556	H	0.002352941	0.361502347	0.354460094	18.30985915	0.232394366	0.227699531	0.164319249	0.004705882	9.384132711	15.64022119
LPM313ZUF_AIC64812_Hominidae_2012.652778	H	0.002604167	0.355844156	0.353246753	19.22077922	0.238961039	0.21038961	0.168831169	0	10.18249568	13.31557127
YIL177JZP_AFY24033_Hominidae_2009.858333	H	0.002309469	0.350230415	0.366359447	19.12442396	0.230414747	0.209677419	0.168202765	0.004618938	9.39992675	13.3165629
COT741VVQ_AFY24061_Hominidae_2009.913889	H	0.002252252	0.35505618	0.366292135	19.3258427	0.240449438	0.206741573	0.173033708	0.004504505	10.976633	15.68090429
UTW622WMH_AMY16046_Suidae_2013.019444	P	0.002136752	0.356076759	0.343283582	20.04264392	0.245202559	0.217484009	0.170575693	0.006410256	10.96114784	14.09290437
HUP267RCF_AKJ80992_Suidae_2011	P	0.002136752	0.349680171	0.341151386	24.30703625	0.249466951	0.208955224	0.179104478	0.006410256	10.94334456	14.85168191
LKT766QZF_ALX29270_Suidae_2012	P	0.002136752	0.347547974	0.33901919	24.73347548	0.247334755	0.202558635	0.176972281	0.006410256	10.18788249	15.67366536
NDS917CRB_AKJ82431_Suidae_2013.638889	P	0.002136752	0.347547974	0.345415778	22.60127932	0.249466951	0.21108742	0.174840085	0.006410256	10.16972227	15.64572657
JUC704DRE_ADG01940_Suidae_2010	P	0.002136752	0.356076759	0.349680171	20.89552239	0.260127932	0.198294243	0.179104478	0.006410256	10.91070502	15.58672145
GNW070MSH_AHI97716_Suidae_2012.063889	P	0.002136752	0.351812367	0.343283582	21.32196162	0.255863539	0.202558635	0.185501066	0.006410256	10.18470148	15.6687715
AGU655XSE_AIE49019_Suidae_2012.027778	P	0.002136752	0.351812367	0.351812367	22.60127932	0.253731343	0.204690832	0.18336887	0.004273504	11.74110685	16.43754959
HHT070NYD_AIE49265_Suidae_2010.869444	P	0.002136752	0.356076759	0.356076759	22.60127932	0.249466951	0.208955224	0.179104478	0.004273504	11.73277883	17.20807562
CQM630EHN_AEK85960_Suidae_2010.408333	P	0.002136752	0.349680171	0.360341151	20.89552239	0.260127932	0.204690832	0.187633262	0.004273504	10.20632477	17.27224191
GQY765LRH_AHM24291_Suidae_2013.180556	P	0.002136752	0.351812367	0.351812367	20.89552239	0.251599147	0.200426439	0.18336887	0.004273504	11.78839598	16.50375437
RAO112DPA_AVK43483_Suidae_2012.086111	P	0.002136752	0.349680171	0.347547974	19.40298507	0.255863539	0.200426439	0.18336887	0.006410256	10.97123548	16.45685323
CNA434XSZ_AIE51967_Suidae_2012.633333	P	0.002136752	0.356076759	0.343283582	20.89552239	0.257995736	0.204690832	0.18336887	0.006410256	10.92882453	17.17386712
SAD186DGY_AFR76698_Suidae_2001	P	0.002136752	0.351812367	0.334754797	21.32196162	0.260127932	0.206823028	0.181236674	0.006410256	9.358164973	15.59694162
SWQ956AWX_AFC35420_Phyllostomidae_2009.333333	B	0	0.364253394	0.391402715	24.2081448	0.214932127	0.190045249	0.147058824	0	7.880464268	22.85334638
DXZ788LHD_AKC43905_Phyllostomidae_2011.438889	B	0	0.364653244	0.319910515	19.46308725	0.208053691	0.18344519	0.14541387	0.002242152	15.17510272	15.17510272
FXU851SUJ_AEO52385_Avian_2010.777778	A	0	0.349785408	0.339055794	25.32188841	0.287553648	0.19527897	0.19527897	0.006451613	10.21262138	13.35496642
HLB577OLN_AGI55577_Avian_2007.983333	A	0	0.35193133	0.345493562	25.32188841	0.278969957	0.19527897	0.188841202	0.006451613	10.24911335	14.19108003
VXM465LOQ_AHL21179_Avian_2008.088889	A	0	0.356223176	0.339055794	25.32188841	0.283261803	0.201716738	0.193133047	0.006451613	10.14029382	15.60045203
YCR619IWJ_ADK35395_Avian_2009.644444	A	0	0.342163355	0.342163355	26.04856512	0.286975717	0.189845475	0.19205298	0.004424779	10.88675136	16.33012703
EDA585PTL_AHA56964_Avian_2007.886111	A	0	0.353944563	0.353944563	24.73347548	0.28358209	0.194029851	0.189765458	0.004273504	10.96053223	16.44079835
WHH013DNO_AID48168_Avian_2012.5	A	0	0.349785408	0.354077253	25.32188841	0.287553648	0.188841202	0.193133047	0.006451613	10.15322926	15.62035271
LZI585OCY_ACK43766_Avian_2008.025	A	0	0.353448276	0.340517241	22.62931034	0.284482759	0.193965517	0.189655172	0.004319654	10.18298982	15.66613818
DVL623IME_ADJ96304_Avian_2005.333333	A	0	0.339055794	0.326180258	24.24892704	0.293991416	0.186695279	0.197424893	0.004301075	9.401880255	15.66980043
GTZ579ADU_AHB73926_Avian_2012.888889	A	0	0.35193133	0.345493562	24.24892704	0.289699571	0.19527897	0.199570815	0.004301075	10.15414845	16.4028552
OFN731WVK_AHL21186_Avian_2007.027778	A	0	0.35193133	0.345493562	24.24892704	0.296137339	0.180257511	0.208154506	0.004301075	10.98343801	16.47515701
GEY974HBJ_AF508589_Avian_1999	A	0	0.344444444	0.337777778	24.22222222	0.286666667	0.186666667	0.197777778	0.004454343	10.94977811	16.42466716
WRZ450AXC_AHB73846_Avian_2012.622222	A	0	0.343347639	0.332618026	24.24892704	0.296137339	0.184549356	0.206008584	0.002150538	10.19986052	15.69209311
BOF644QTP_AHB73896_Avian_2012.819444	A	0	0.345493562	0.336909871	24.24892704	0.298283262	0.182403433	0.197424893	0.004301075	10.17198752	16.43167214
SCA333HSG_ABF56643_Avian_2000.886111	A	0	0.347547974	0.332622601	23.02771855	0.292110874	0.187633262	0.185501066	0.004273504	10.91930878	14.81906192
FRP156XEW_ALX30514_Avian_2014.275	A	0.002136752	0.343283582	0.332622601	17.91044776	0.29424307	0.174840085	0.198294243	0.002136752	9.413462938	14.90464965
ZXX597UUR_ABV47885_Avian_2003	A	0	0.339869281	0.331154684	23.52941176	0.298474946	0.183006536	0.193899782	0.004366812	9.390293662	14.86796496
DTS479EWM_ABV48039_Avian_2004	A	0	0.339869281	0.326797386	23.52941176	0.302832244	0.183006536	0.196078431	0.004366812	9.386255852	14.86157177
YJU937EQC_ABF56625_Avian_2000.219444	A	0	0.341151386	0.330490405	23.45415778	0.292110874	0.185501066	0.18336887	0.004273504	10.13769407	14.8166298
NCQ194FKB_AHA56978_Avian_2009.127778	A	0	0.33901919	0.328358209	24.73347548	0.292110874	0.18336887	0.18336887	0.004273504	10.14427565	14.04592014
FWQ329GUL_AF508590_Avian_1997	A	0	0.343412527	0.345572354	24.83801296	0.295896328	0.18574514	0.190064795	0.004329004	10.13611473	14.03462039
ABQ137VLV_AGO17825_Avian_1997	A	0	0.343283582	0.341151386	23.45415778	0.296375267	0.187633262	0.187633262	0.004273504	10.15044805	15.61607392
HHS934HVO_AEF29014_Avian_2007.25	A	0.002150538	0.343347639	0.339055794	24.24892704	0.293991416	0.182403433	0.199570815	0.004301075	9.42616808	17.28130815
WNF234OLG_ALP31299_Avian_2012	A	0.002314815	0.346420323	0.337182448	22.86374134	0.302540416	0.17551963	0.198614319	0.002314815	10.82511281	16.23766922
SMK412SWI_ALP31311_Avian_2015.383333	A	0	0.347547974	0.332622601	17.48400853	0.285714286	0.181236674	0.18336887	0.004273504	11.64361145	15.52481526
UEP384BFV_ACP50710_Avian_2008.022222	A	0	0.345415778	0.341151386	20.89552239	0.287846482	0.181236674	0.185501066	0.004273504	10.93310551	14.05684994
CBN326EDR_AFQ60222_Avian_2010.083333	A	0	0.347547974	0.336886994	23.02771855	0.287846482	0.181236674	0.187633262	0.004273504	11.65353697	15.53804929
TBF195YZR_AFV68531_Avian_2012.091667	A	0	0.358208955	0.309168443	17.91044776	0.279317697	0.217484009	0.181236674	0.004273504	8.496657511	16.99331502
URO047XFE_AHB72902_Avian_2013.041667	A	0	0.33901919	0.31130064	24.73347548	0.285714286	0.179104478	0.181236674	0.006410256	10.90814554	12.46645204
BQP335EPM_AGL96843_Avian_2006.666667	A	0	0.344753747	0.329764454	24.83940043	0.293361884	0.182012848	0.192719486	0.004291845	10.90529138	15.57898768
TJX249MZW_AKU37790_Avian_2012.058333	A	0	0.353944563	0.334754797	23.45415778	0.289978678	0.187633262	0.196162047	0.004273504	11.65020684	14.75692866
ERV270WET_ADI79241_Avian_2006.15	A	0	0.343347639	0.334763948	21.03004292	0.293991416	0.17167382	0.190987124	0.004301075	10.90227352	17.1321441
RZI120CQD_ABV46329_Avian_2001	A	0	0.335511983	0.34422658	21.78649237	0.294117647	0.176470588	0.196078431	0.004366812	10.18359426	15.66706809
JQK430PMM_ABV48477_Avian_2001	A	0	0.339285714	0.352678571	22.32142857	0.301339286	0.178571429	0.200892857	0.002237136	9.392014994	15.65335832
NWI803KMH_ABM21888_Avian_2003	A	0	0.343283582	0.341151386	23.02771855	0.296375267	0.176972281	0.194029851	0.004273504	10.17939175	17.22666296
SQR172MOU_ASR92118_Avian_2017	A	0	0.348290598	0.344017094	23.5042735	0.288461538	0.183760684	0.185897436	0.006423983	11.70723664	14.82916641
JNE878XVF_AGF69024_Avian_2011.583333	A	0	0.351812367	0.360341151	20.89552239	0.304904051	0.176972281	0.206823028	0.004273504	10.14686939	16.3910967
QJA773GUY_ASO96891_Avian_2014.122222	A	0	0.35117773	0.35117773	23.12633833	0.289079229	0.182012848	0.186295503	0.004291845	12.4966538	15.62081725
NSO384PZL_ASW34321_Avian_2003.880556	A	0	0.345415778	0.349680171	23.45415778	0.289978678	0.179104478	0.196162047	0.004273504	10.20399357	15.69845165
AKR598NHJ_AFJ19049_Avian_2011.911111	A	0	0.356076759	0.349680171	23.45415778	0.289978678	0.191897655	0.196162047	0.004273504	10.11608603	14.78504881
NFX562XFI_AHJ57957_Avian_2010.172222	A	0	0.356076759	0.349680171	24.73347548	0.285714286	0.189765458	0.191897655	0.004273504	10.87552067	14.7596352
OSG754KZY_AKT07688_Avian_2011.705556	A	0	0.358208955	0.353944563	24.73347548	0.28358209	0.194029851	0.191897655	0.004273504	10.88993022	15.55704318
IBC634KSE_BAM76306_Avian_2012.772222	A	0	0.348583878	0.337690632	24.18300654	0.296296296	0.191721133	0.196078431	0.004366812	8.547356524	13.20955099
GWK669CSE_ADG43206_Avian_2005	A	0	0.348888889	0.34	25.33333333	0.277777778	0.191111111	0.186666667	0.004454343	10.13923807	12.47906224
PZG553JIJ_ADG43209_Avian_2005	A	0	0.348888889	0.342222222	25.33333333	0.28	0.193333333	0.184444444	0.004454343	10.11909075	12.45426554
FQD296AAU_ADG43227_Avian_2005	A	0	0.351111111	0.344444444	25.33333333	0.282222222	0.195555556	0.186666667	0.004454343	9.351090764	12.46812102
ZFR529VVN_AFF25665_Avian_2006.583333	A	0	0.351111111	0.337777778	25.33333333	0.284444444	0.193333333	0.191111111	0.004454343	10.12939147	11.68775939
VGA316TJO_ARG42943_Avian_2002.933333	A	0	0.349425287	0.335632184	23.2183908	0.289655172	0.186206897	0.197701149	0.004608295	10.14270031	11.70311574
MMR209JLC_ARG42955_Avian_2002.933333	A	0	0.349206349	0.337868481	23.80952381	0.283446712	0.19047619	0.19047619	0.004545455	10.13550837	12.47447185
OJL711HHV_ACY56529_Avian_2007	A	0	0.351230425	0.333333333	21.92393736	0.286353468	0.192393736	0.201342282	0.004484305	8.607674374	14.86780119
EIK000VUK_ANZ03725_Avian_2013.333333	A	0	0.344594595	0.34009009	23.64864865	0.281531532	0.186936937	0.182432432	0.004514673	10.94161422	13.28624584
AOV640IMC_AOC37820_Avian_2015.819444	A	0	0.345415778	0.336886994	23.45415778	0.289978678	0.185501066	0.194029851	0.004273504	10.165706	14.85757031
KAN812BMW_ABD65990_Avian_2002	A	0	0.356223176	0.347639485	25.32188841	0.270386266	0.199570815	0.180257511	0.004301075	10.92518106	16.38777159
NFS496TBA_ACN29490_Avian_1999.494444	A	0	0.34537246	0.329571106	24.15349887	0.286681716	0.194130926	0.191873589	0.004524887	10.14384623	12.48473382
MXB159HUH_AHH00902_Avian_2008.083333	A	0	0.342222222	0.335555556	24.66666667	0.28	0.188888889	0.188888889	0.004454343	9.385959409	12.51461254
FVB503LNC_AKM14033_Avian_2010.263889	A	0	0.348785872	0.346578366	22.73730684	0.286975717	0.19205298	0.19205298	0.004424779	9.338116851	14.78535168
ZMJ688EIO_ACA14294_Avian_2005	A	0	0.353319058	0.357601713	25.91006424	0.278372591	0.194860814	0.188436831	0.004291845	10.15871122	15.6287865
BIE032ZPL_ACA14298_Avian_2005	A	0	0.353944563	0.360341151	25.79957356	0.279317697	0.196162047	0.189765458	0.004273504	10.16396671	15.63687187
VZT972NAZ_ACA14300_Avian_2006	A	0	0.355119826	0.361655773	25.27233115	0.272331155	0.196078431	0.185185185	0.002183406	10.16760259	15.64246552
INL985FRG_ADN23865_Avian_2007.916667	A	0	0.357142857	0.3640553	25.11520737	0.288018433	0.195852535	0.19124424	0.002309469	9.320330645	15.53388441
GFK904PVS_ACU87239_Avian_2009.25	A	0	0.351812367	0.353944563	25.79957356	0.279317697	0.198294243	0.185501066	0.004273504	10.16110162	14.85084083
FZQ695RHW_ATP61521_Canidae_2015.958333	D	0	0.356687898	0.369426752	23.35456476	0.282377919	0.18895966	0.191082803	0.004255319	10.97049161	15.67213087
DND687MSS_AIA61957_Avian_2007.333333	A	0	0.345415778	0.33901919	23.02771855	0.281449893	0.185501066	0.194029851	0.004273504	10.18062479	14.0962497
CXW924BMB_AIR94023_Avian_2006	A	0	0.354120267	0.340757238	22.49443207	0.291759465	0.187082405	0.202672606	0.004464286	9.409104985	12.54547331
VLB973SLI_AIU46967_Avian_2009.333333	A	0	0.35857461	0.336302895	22.71714922	0.291759465	0.189309577	0.207126949	0.004464286	9.416912782	12.55588371
MKC228FOP_AIR94044_Avian_2006	A	0	0.354120267	0.345211581	25.38975501	0.287305122	0.191536748	0.19376392	0.004464286	9.365508643	13.26780391
AYC414CBW_AIU46956_Avian_2010.25	A	0	0.349665924	0.340757238	24.49888641	0.285077951	0.191536748	0.19376392	0.004464286	9.385950128	12.51460017
GAB168BIT_AHI97306_Avian_2013.077778	A	0	0.347438753	0.334075724	22.71714922	0.289532294	0.19376392	0.19376392	0.004464286	9.398477039	12.53130272
DXG026XAM_AKH14646_Avian_2014.294444	A	0	0.349665924	0.329621381	24.49888641	0.278396437	0.19376392	0.191536748	0.004464286	9.392658906	11.74082363
RZH456CEU_ALQ12541_Suidae_2014.794444	P	0	0.347438753	0.338530067	25.38975501	0.280623608	0.19376392	0.187082405	0.004464286	9.387168379	12.5162245
CWM344BJG_ACL79949_Avian_1994	A	0	0.347438753	0.34298441	25.38975501	0.280623608	0.19376392	0.187082405	0.004464286	9.393228805	12.52430507
PBK460LJZ_ACZ45192_Avian_1996	A	0	0.347438753	0.338530067	25.38975501	0.278396437	0.19376392	0.187082405	0.004464286	9.395238972	12.5269853
MHP499CVF_ABB90233_Avian_1997.2	A	0	0.345211581	0.338530067	24.49888641	0.280623608	0.19376392	0.187082405	0.004464286	9.400780305	11.75097538
OMC775XGY_AUO30224_Avian_2014.975	A	0	0.349680171	0.343283582	23.45415778	0.279317697	0.194029851	0.194029851	0.004273504	10.1899257	14.1091279
UXW357ZYZ_ACF25518_Avian_1986	A	0	0.345211581	0.338530067	25.16703786	0.280623608	0.187082405	0.175946548	0.004464286	10.12204925	11.6792876
QHI137KLE_ACZ45194_Avian_1986	A	0	0.347438753	0.340757238	25.16703786	0.273942094	0.189309577	0.167037862	0.004464286	10.11744074	12.45223476
PTV395KED_ACZ45189_Avian_1983	A	0	0.34298441	0.331848552	24.49888641	0.280623608	0.191536748	0.178173719	0.004464286	10.12117954	10.89973181
YHZ094NJX_AHG26587_Avian_2012.583333	A	0	0.345132743	0.329646018	25	0.276548673	0.196902655	0.181415929	0.00443459	9.369445828	13.27338159
MRL598WLT_AQS25312_Avian_2015.833333	A	0	0.353944563	0.353944563	23.45415778	0.268656716	0.200426439	0.176972281	0.004273504	10.91813154	16.3771973
CRR511KKU_ABI84496_Avian_1984.105556	A	0	0.343283582	0.345415778	24.73347548	0.275053305	0.191897655	0.18336887	0.004273504	10.16436551	17.20123394
BMM903DWO_AHZ21086_Avian_2013.108333	A	0	0.347547974	0.351812367	25.79957356	0.277185501	0.189765458	0.187633262	0.004273504	10.14938334	17.17587951
QJM843TZJ_ANQ69357_Suidae_2012.722222	P	0	0.349680171	0.349680171	22.60127932	0.285714286	0.187633262	0.194029851	0.004273504	10.15915389	15.62946752
ZFF963RCN_AMD42389_Suidae_2015.994444	P	0.00212766	0.352441614	0.343949045	23.35456476	0.288747346	0.184713376	0.208067941	0.006382979	10.94712534	17.98456307
KDX725NVG_APC57970_Suidae_2016.725	P	0.002141328	0.354700855	0.33974359	24.78632479	0.294871795	0.179487179	0.211538462	0.004282655	11.6646384	15.5528512
XAU712GZQ_AKM14320_Suidae_2011.513889	P	0.002136752	0.360341151	0.356076759	24.73347548	0.279317697	0.185501066	0.200426439	0.004273504	12.46304875	17.91563258
DRB369QGB_AOG30288_Suidae_2015.019444	P	0.002132196	0.34893617	0.353191489	23.61702128	0.287234043	0.185106383	0.212765957	0.004264392	10.1782063	18.00759576
FRA265UPC_ASV62322_Suidae_2017.569444	P	0.002136752	0.358208955	0.349680171	23.45415778	0.287846482	0.189765458	0.204690832	0.004273504	10.89861239	17.90486321
KGF597KQB_ANZ03703_Suidae_2011.188889	P	0.002136752	0.356076759	0.351812367	23.45415778	0.285714286	0.18336887	0.206823028	0.006410256	10.94188068	17.97594683
HIX036PMN_ANZ03711_Suidae_2014.347222	P	0.002136752	0.356076759	0.345415778	23.45415778	0.28358209	0.18336887	0.206823028	0.006410256	10.96782285	18.01856611
OZH642YOR_ATJ01251_Suidae_2015.091667	P	0.002136752	0.351812367	0.343283582	25.79957356	0.29424307	0.179104478	0.208955224	0.004273504	10.91218227	17.14771499
VZQ937YYG_ATJ01926_Suidae_2016.15	P	0.002136752	0.360341151	0.356076759	25.79957356	0.292110874	0.189765458	0.200426439	0.004273504	10.86179208	18.620215
FOG636YPR_ATJ01529_Suidae_2015.461111	P	0.002136752	0.351812367	0.353944563	24.73347548	0.287846482	0.181236674	0.208955224	0.004273504	12.52652217	17.22396799
WSC040KZI_AHL21269_Suidae_2012.033333	P	0.002136752	0.351812367	0.349680171	23.45415778	0.292110874	0.181236674	0.206823028	0.004273504	10.90117553	17.90907408
YHZ634OQX_ANK57495_Suidae_2014.563889	P	0.002136752	0.353944563	0.356076759	23.02771855	0.29424307	0.176972281	0.206823028	0.004273504	10.90805671	18.6995258
MWM606STG_AFH77022_Suidae_2010.738889	P	0.002136752	0.360341151	0.356076759	24.73347548	0.287846482	0.187633262	0.208955224	0.004273504	10.89706216	18.68067799
SIX388KKL_AFM46708_Suidae_2011.608333	P	0.002136752	0.356076759	0.351812367	24.73347548	0.296375267	0.181236674	0.215351812	0.004273504	10.90823567	17.92067288
WLL745UVR_ATJ02458_Suidae_2016.744444	P	0.002136752	0.351812367	0.353944563	23.45415778	0.281449893	0.18336887	0.198294243	0.004273504	11.72799053	19.54665089
PXB260WDF_AFY24131_Hominidae_2005	H	0.002506266	0.365	0.3725	28	0.275	0.19	0.2025	0.005012531	9.3883343	17.99430741
ACA213RTS_ATG28428_Suidae_2014.166667	P	0.002136752	0.360341151	0.347547974	28.57142857	0.281449893	0.189765458	0.208955224	0.004273504	10.95089268	18.77295888
RKV879USN_ACZ53980_Suidae_2008.830556	P	0.002136752	0.351812367	0.347547974	25.79957356	0.289978678	0.170575693	0.217484009	0.004273504	11.71866836	17.96862481
CJU221WUV_AFJ77575_Hominidae_1999.772222	H	0.002267574	0.352941176	0.34841629	25.56561086	0.287330317	0.178733032	0.205882353	0.004535147	10.881496	17.87674343
VUT052QBZ_ALX29306_Suidae_2012	P	0.002136752	0.360341151	0.353944563	23.45415778	0.304904051	0.18336887	0.223880597	0.004273504	11.67768439	18.68429503
YSZ170NCQ_ALX29703_Suidae_2014	P	0.002132196	0.359574468	0.363829787	23.19148936	0.3	0.172340426	0.214893617	0.004264392	11.66047171	19.43411952
ZOU364IRU_ABG34248_Suidae_2005	P	0.002114165	0.358649789	0.35443038	24.47257384	0.291139241	0.181434599	0.208860759	0.00422833	13.20248864	19.41542447
CFQ918WRG_ADY71225_Suidae_2003.741667	P	0.002136752	0.345415778	0.332622601	24.73347548	0.302771855	0.179104478	0.21108742	0.004273504	11.64045878	17.07267288
SBB102HFE_AGI01008_Hominidae_1981.505556	H	0.002242152	0.351230425	0.340044743	24.83221477	0.29753915	0.176733781	0.212527964	0.002242152	12.43423586	18.65135378
RYI209IRH_AFM68990_Hominidae_1999	H	0.002136752	0.358208955	0.347547974	25.79957356	0.287846482	0.18336887	0.204690832	0.004273504	13.22633808	18.67247728
REM884ZDV_AGO00328_Hominidae_1968	H	0.002136752	0.353944563	0.345415778	24.73347548	0.287846482	0.185501066	0.200426439	0.004273504	12.42969964	17.86769324
WHY587PYB_AGQ47838_Hominidae_2013.530556	H	0.002136752	0.353944563	0.343283582	24.73347548	0.28358209	0.185501066	0.200426439	0.004273504	12.442508	16.33079175
SDL300LTZ_AKJ80596_Suidae_2011.305556	P	0.003322259	0.347682119	0.347682119	21.19205298	0.271523179	0.185430464	0.188741722	0.003322259	9.273189258	11.59148657
CMG133EXH_APT36548_Suidae_2016.075	P	0.002136752	0.353944563	0.343283582	27.71855011	0.285714286	0.185501066	0.200426439	0.004273504	12.44067378	17.88346856
KYI430OZS_AKJ81098_Suidae_2011.125	P	0.002136752	0.351812367	0.336886994	24.73347548	0.28358209	0.181236674	0.189765458	0.004273504	13.92014318	17.01350833
MEW810MIX_AFR76324_Suidae_2006.363889	P	0.002136752	0.351812367	0.341151386	25.79957356	0.29424307	0.181236674	0.198294243	0.004273504	12.40886702	17.06219216
XXT583TWE_AKJ80407_Suidae_2010	P	0.002141328	0.354700855	0.337606838	20.94017094	0.286324786	0.177350427	0.196581197	0.002141328	13.99562394	17.10576259
BCZ021LPA_AKJ82557_Suidae_2012.372222	P	0.002136752	0.358208955	0.336886994	23.02771855	0.296375267	0.181236674	0.204690832	0.002136752	12.4456716	16.33494397
AQX043EPW_AFR76483_Suidae_1997.108333	P	0.002136752	0.353944563	0.334754797	25.79957356	0.285714286	0.187633262	0.198294243	0.006410256	13.1987178	17.08069363
FJW250LHF_AFR76398_Suidae_1997.111111	P	0.002136752	0.347547974	0.324093817	27.71855011	0.281449893	0.187633262	0.185501066	0.006410256	13.92666999	17.02148554
UXC928ZOI_AKJ82870_Suidae_1994	P	0.002136752	0.347547974	0.334754797	27.71855011	0.287846482	0.185501066	0.196162047	0.004273504	11.62888951	16.28044531
QKY076XMM_ALX29340_Suidae_2012	P	0.002136752	0.353944563	0.334754797	24.73347548	0.285714286	0.194029851	0.200426439	0.004273504	10.91654112	14.81530581
RYR757OOT_APT36501_Suidae_2015.780556	P	0.002136752	0.353944563	0.33901919	23.02771855	0.298507463	0.176972281	0.213219616	0.006410256	11.70952615	14.83206646
KMS749DFW_ATE48495_Suidae_2016.988889	P	0.002136752	0.351812367	0.343283582	24.73347548	0.28358209	0.185501066	0.198294243	0.004273504	10.92938883	15.61341261
FTZ071MYM_AKJ82996_Suidae_2013.15	P	0.002136752	0.353944563	0.334754797	20.89552239	0.292110874	0.187633262	0.200426439	0.004273504	11.67882323	14.01458788
HYG758IGC_ABD62797_Suidae_2002	P	0.002136752	0.362473348	0.345415778	23.02771855	0.296375267	0.198294243	0.202558635	0.004273504	10.85535173	14.73226307
PSH277JBI_ABD62836_Suidae_2001	P	0.002141328	0.354700855	0.333333333	22.86324786	0.305555556	0.181623932	0.209401709	0.004282655	12.45183325	14.78655199
JJS691HPY_ALX29878_Suidae_2014	P	0.002136752	0.356076759	0.343283582	23.45415778	0.28358209	0.194029851	0.198294243	0.004273504	12.44012699	15.55015873
TCI548MPU_AKJ80980_Suidae_2011	P	0.002136752	0.358208955	0.345415778	23.45415778	0.29424307	0.191897655	0.206823028	0.004273504	11.68867501	16.36414502
ZOI636NZK_ATE48518_Suidae_2016.880556	P	0.002136752	0.358208955	0.349680171	18.76332623	0.29424307	0.185501066	0.200426439	0.004273504	12.45860663	15.57325829
PUI379QZQ_ACU82397_Suidae_2009.152778	P	0.002192982	0.358862144	0.33916849	22.97592998	0.308533917	0.185995624	0.214442013	0.004385965	11.62312565	13.94775078
ADK135PUK_ALX29761_Suidae_2014	P	0.002136752	0.353944563	0.343283582	24.09381663	0.307036247	0.176972281	0.206823028	0.004273504	11.65054841	13.20395487
NVA185QAS_AGL04339_Suidae_2003	P	0.002136752	0.351812367	0.343283582	20.89552239	0.289978678	0.187633262	0.200426439	0.004273504	11.67523571	17.12367904
XHV722CJE_ALX30335_Suidae_2015	P	0.002136752	0.347547974	0.336886994	23.02771855	0.296375267	0.181236674	0.208955224	0.004273504	10.90999856	16.36499784
MIO619UTO_ADT79184_Suidae_1984	P	0.002136752	0.353944563	0.343283582	23.02771855	0.289978678	0.185501066	0.206823028	0.004273504	12.46969051	16.3664688
JUT619ENF_BAH02102_Suidae_2003	P	0.002136752	0.358208955	0.358208955	17.48400853	0.287846482	0.176972281	0.202558635	0.006410256	13.25248948	17.15028051
DVU808ULK_BAH02112_Suidae_2004	P	0.002136752	0.353944563	0.351812367	23.02771855	0.281449893	0.185501066	0.191897655	0.006410256	11.68950348	16.36530487
JZN040UZM_BAK23285_Suidae_2004	P	0.002136752	0.345415778	0.33901919	24.73347548	0.296375267	0.187633262	0.204690832	0.004273504	9.362147878	15.6035798
VIA024AUH_BAK23287_Suidae_2004	P	0.002136752	0.345415778	0.334754797	23.45415778	0.287846482	0.189765458	0.202558635	0.004273504	10.14358416	14.82523839
IXU667JWY_BAK23288_Suidae_2005	P	0.002136752	0.353944563	0.349680171	23.45415778	0.275053305	0.189765458	0.191897655	0.004273504	11.73324401	16.42654162
HUD654VLP_APC57891_Hominidae_1968	H	0.002136752	0.351812367	0.351812367	23.45415778	0.281449893	0.191897655	0.191897655	0.004273504	10.8740811	17.08784172
YTZ995RZD_AGO87185_Avian_2011.861111	A	0	0.349680171	0.351812367	20.89552239	0.285714286	0.191897655	0.200426439	0.004273504	10.9542264	17.99622909
ASV632UMG_ACS68395_Avian_1993	A	0	0.343820225	0.334831461	21.79775281	0.283146067	0.193258427	0.193258427	0.004504505	8.546052793	14.76136392
PAA269YSH_ACS92886_Avian_1980	A	0	0.343283582	0.351812367	23.02771855	0.279317697	0.187633262	0.196162047	0.004273504	10.22066474	14.93789462
XOR318XLG_ACZ45232_Avian_1992	A	0	0.347547974	0.343283582	22.3880597	0.289978678	0.185501066	0.204690832	0.004273504	10.14679333	14.82992872
SYA355TFM_ADE06972_Avian_2007.833333	A	0	0.347547974	0.334754797	21.53518124	0.279317697	0.196162047	0.21108742	0.002136752	8.635340263	14.13055679
EQE567MAS_ANG55858_Avian_2015.730556	A	0	0.343283582	0.332622601	21.53518124	0.272921109	0.200426439	0.176972281	0.004273504	10.12234791	14.7942008
QGG114BWK_AEK65959_Avian_2002	A	0.002531646	0.348484848	0.333333333	15.4040404	0.285353535	0.191919192	0.212121212	0.002531646	7.808416376	12.4934662
LCA897ZYS_AEK70734_Avian_2002	A	0.002252252	0.346067416	0.330337079	17.52808989	0.287640449	0.188764045	0.213483146	0.004504505	8.596267465	14.06661949
TOH994YWG_AEK65950_Avian_2004	A	0.003460208	0.35862069	0.348275862	17.24137931	0.272413793	0.189655172	0.203448276	0.003460208	4.703136424	9.406272848
ZQJ295KTA_ASU55041_Avian_2011.472222	A	0.002136752	0.343283582	0.360341151	22.3880597	0.289978678	0.176972281	0.196162047	0.004273504	10.93441283	16.40161925
HCU028BXY_ASJ76992_Avian_2015.861111	A	0	0.335511983	0.355119826	22.22222222	0.281045752	0.178649237	0.176470588	0.013100437	10.16641898	19.55080573
RMG302AGF_ATG84626_Avian_2016.116667	A	0	0.335511983	0.350762527	22.65795207	0.28540305	0.174291939	0.185185185	0.013100437	10.18982539	19.59581805
LGH147KSN_ATG84625_Avian_2016.386111	A	0	0.339869281	0.361655773	22.0043573	0.281045752	0.183006536	0.176470588	0.013100437	10.14696605	19.51339625
WKT889PYF_ATG84628_Avian_2016.225	A	0	0.34204793	0.352941176	22.22222222	0.278867102	0.183006536	0.178649237	0.013100437	10.14543435	17.94961462
SNL063JIX_BBB38562_Avian_2017.008333	A	0	0.335511983	0.34422658	22.65795207	0.283224401	0.174291939	0.185185185	0.013100437	10.17416799	19.56570768
MFW819SYL_BBC21037_Avian_2017.136111	A	0	0.335511983	0.348583878	22.0043573	0.281045752	0.176470588	0.183006536	0.013100437	10.15918586	20.31837172
NQS181IQZ_BAW18947_Avian_2016.883333	A	0	0.335511983	0.346405229	22.22222222	0.281045752	0.176470588	0.183006536	0.013100437	10.17418511	19.5657406
XQB497IIB_BBB38540_Avian_2017.005556	A	0	0.335511983	0.346405229	22.22222222	0.281045752	0.176470588	0.183006536	0.013100437	10.18025345	19.57741047
CDJ795OCN_ATQ38943_Avian_2017.166667	A	0	0.329787234	0.353191489	23.82978723	0.278723404	0.174468085	0.178723404	0.012793177	10.15045229	20.30090457
NLX318ZPP_BAR64292_Avian_2014.672222	A	0.002132196	0.331914894	0.346808511	22.34042553	0.285106383	0.178723404	0.191489362	0.012793177	9.413984154	21.18146435
LRJ622SBH_ADD64128_Avian_2006.413889	A	0	0.339130435	0.360869565	22.60869565	0.286956522	0.180434783	0.189130435	0.013071895	9.401308906	18.80261781
NIU882SJW_ANH56331_Avian_2014.480556	A	0	0.344594595	0.342342342	19.59459459	0.306306306	0.171171171	0.202702703	0.013544018	9.340766338	17.90313548
YJU506UJW_AEK65263_Avian_2006.002778	A	0	0.337837838	0.349099099	20.04504505	0.297297297	0.186936937	0.186936937	0.013544018	9.336045219	17.89408667
NFQ394MOR_ATG84533_Avian_2001.730556	A	0	0.336170213	0.357446809	24.04255319	0.287234043	0.172340426	0.193617021	0.012793177	9.433750627	19.65364714
XFT874GUQ_ACV41595_Avian_2004	A	0	0.327659574	0.355319149	24.04255319	0.274468085	0.174468085	0.185106383	0.012793177	10.22726931	20.45453863
EHV127BZI_ANH21854_Avian_2013.833333	A	0	0.344680851	0.359574468	20	0.293617021	0.163829787	0.195744681	0.012793177	10.20811207	20.41622414
SAJ426RIO_ACD40326_Avian_2006	A	0	0.332613391	0.349892009	25.05399568	0.269978402	0.17062635	0.181425486	0.004329004	14.11615269	18.03730622
VJA785ULP_ACF25624_Avian_1994	A	0	0.331914894	0.342553191	21.06382979	0.263829787	0.172340426	0.165957447	0.004264392	14.91348271	15.69840286
PUF439QFT_ABR37723_Avian_1998	A	0	0.325531915	0.338297872	19.57446809	0.259574468	0.172340426	0.161702128	0.004264392	14.9260773	17.28282635
EDH085IED_ABS89357_Avian_1985	A	0	0.333333333	0.352441614	18.25902335	0.278131635	0.157112527	0.186836518	0	12.61397303	18.92095955
HAM875XPF_AGB51391_Avian_1927	A	0	0.333333333	0.360934183	17.8343949	0.27388535	0.154989384	0.180467091	0	12.61250078	18.91875118
WSN268TTE_ATY72724_Avian_2016.972222	A	0	0.338297872	0.355319149	18.93617021	0.280851064	0.15106383	0.193617021	0	12.64638649	18.96957974
HAJ224GMS_AEA04401_Equidae_1956.444444	E	0	0.334754797	0.373134328	20.46908316	0.268656716	0.172707889	0.187633262	0	12.66409671	20.57915715
OGT275JLC_AEI98745_Avian_1984	A	0	0.363013699	0.340182648	24.88584475	0.310502283	0.159817352	0.221461187	0.004576659	11.48917638	19.1486273
UQJ502GET_ASO97755_Avian_2016.991667	A	0	0.363829787	0.34893617	18.72340426	0.310638298	0.170212766	0.227659574	0.004264392	10.86287367	16.2943105
RMY467MSK_ATE48571_Avian_2017.019444	A	0	0.363829787	0.353191489	17.44680851	0.312765957	0.170212766	0.210638298	0.004264392	10.75754703	19.20990542
XQV177PSK_AEI29180_Avian_2002	A	0	0.367346939	0.387755102	19.72789116	0.268707483	0.200680272	0.19047619	0.003412969	6.146892188	12.29378438
NFR955PEM_AQS25423_Avian_2015.061111	A	0	0.363829787	0.382978723	19.57446809	0.289361702	0.182978723	0.210638298	0.004264392	9.32816371	19.4336744
ATB639FJH_AEM60150_Equidae_1971	E	0	0.365957447	0.363829787	20.42553191	0.282978723	0.182978723	0.2	0.006396588	11.64742893	17.85939103
JCA989LIX_ATO98101_Equidae_2017.238889	E	0	0.353191489	0.34893617	17.44680851	0.278723404	0.19787234	0.185106383	0.006396588	10.75760819	16.90481287
XJS680JIE_AFK13946_Avian_2010.072222	A	0.002123142	0.360169492	0.349576271	19.91525424	0.30720339	0.173728814	0.226694915	0.006369427	9.374931881	21.09359673
ARE641KSC_ASU55345_Avian_2008.975	A	0	0.360169492	0.347457627	19.91525424	0.296610169	0.173728814	0.207627119	0.004246285	10.91434686	22.60828992
BSZ018ZIZ_ANZ03503_Suidae_2014.327778	P	0	0.348056537	0.369257951	20.84805654	0.298586572	0.141342756	0.204946996	0.003539823	21.20976669	27.494142