DCN321RFF_AGH99304_Hominidae_2009.041667	H	0.258790436	0.407876231	0.337552743	0.300984529	0.29676512	0.209563994	0.147887324	0.080863544	0.109704641	0.169014085
OFL502XXU_AEX35130_Hominidae_2008.563889	H	0.258575198	0.401055409	0.332453826	0.300791557	0.292875989	0.211081794	0.14663144	0.080457936	0.109498681	0.177014531
THG271QXQ_AEN02502_Hominidae_2008.116667	H	0.257255937	0.40237467	0.332453826	0.302110818	0.292875989	0.212401055	0.147952444	0.080379383	0.109498681	0.177014531
FXT583ELJ_AHL90288_Hominidae_2008.116667	H	0.258575198	0.401055409	0.332453826	0.302110818	0.292875989	0.211081794	0.147952444	0.080288935	0.109498681	0.177014531
VKJ767XHM_ADN89753_Hominidae_2009.352778	H	0.258575198	0.399736148	0.331134565	0.300791557	0.292875989	0.211081794	0.14663144	0.080343963	0.109498681	0.177014531
LIZ759NMC_AJJ99805_Hominidae_2008.111111	H	0.257255937	0.40237467	0.331134565	0.300791557	0.292875989	0.211081794	0.14663144	0.080504902	0.109498681	0.175693527
PPM185JMB_AEX34899_Hominidae_2008.536111	H	0.258575198	0.401055409	0.332453826	0.300791557	0.292875989	0.211081794	0.14663144	0.080724794	0.109498681	0.177014531
DJP043BAL_AEX35218_Hominidae_2008.558333	H	0.259894459	0.401055409	0.333773087	0.303430079	0.292875989	0.211081794	0.14663144	0.080424489	0.109498681	0.177014531
BQU060MFC_ADN92905_Hominidae_2008.827778	H	0.259894459	0.401055409	0.333773087	0.303430079	0.292875989	0.212401055	0.14663144	0.080538547	0.109498681	0.178335535
KEE374DAF_ADN92906_Hominidae_2008.916667	H	0.26121372	0.401055409	0.335092348	0.30474934	0.292875989	0.211081794	0.14663144	0.080459415	0.109498681	0.177014531
LZX741HQH_AEX35053_Hominidae_2008.886111	H	0.258575198	0.401055409	0.332453826	0.302110818	0.292875989	0.211081794	0.145310436	0.080536568	0.10817942	0.177014531
IGG274EUI_ADW10570_Hominidae_2009.116667	H	0.257255937	0.40237467	0.331134565	0.300791557	0.294195251	0.211081794	0.14663144	0.080549432	0.109498681	0.177014531
BJK922RGE_ADN89478_Hominidae_2009.316667	H	0.258278146	0.401324503	0.332450331	0.301986755	0.292715232	0.210596026	0.147214854	0.080351458	0.108609272	0.176392573
IUI536QOV_ADN89159_Hominidae_2009.327778	H	0.258575198	0.399736148	0.331134565	0.300791557	0.292875989	0.211081794	0.14663144	0.08073007	0.109498681	0.177014531
DPB875UJN_ADI75916_Hominidae_2009.316667	H	0.258575198	0.399736148	0.332453826	0.302110818	0.291556728	0.212401055	0.145310436	0.080769103	0.109498681	0.178335535
HVS556HZJ_AJJ99420_Hominidae_2009.077778	H	0.257255937	0.40237467	0.331134565	0.300791557	0.292875989	0.211081794	0.14663144	0.080607924	0.109498681	0.177014531
AOY639HEC_AHY84539_Hominidae_2009.708333	H	0.258234519	0.401844532	0.333333333	0.303030303	0.292490119	0.212121212	0.146437995	0.080407414	0.109354414	0.176781003
PNW903VVS_ARI69053_Hominidae_2009.627778	H	0.261580381	0.397820163	0.33106267	0.29972752	0.292915531	0.207084469	0.148703956	0.080078835	0.107629428	0.178717599
ZUY306BKJ_ARI70179_Hominidae_2009.580556	H	0.257255937	0.40237467	0.333773087	0.303430079	0.292875989	0.212401055	0.14663144	0.080577312	0.109498681	0.179656539
OXG084DJU_ADW10863_Hominidae_2009.133333	H	0.259894459	0.399736148	0.332453826	0.303430079	0.291556728	0.211081794	0.14663144	0.080367223	0.109498681	0.177014531
IGS897OKD_AHL90901_Hominidae_2009.130556	H	0.258575198	0.401055409	0.331134565	0.300791557	0.291556728	0.211081794	0.14663144	0.08047909	0.109498681	0.177014531
PXX349QBV_ADN89808_Hominidae_2009.319444	H	0.259894459	0.399736148	0.333773087	0.303430079	0.291556728	0.211081794	0.14663144	0.080503776	0.109498681	0.177014531
ODZ382NGO_AEX35075_Hominidae_2008.9	H	0.259894459	0.399736148	0.332453826	0.302110818	0.291556728	0.211081794	0.14663144	0.080380306	0.109498681	0.177014531
PZL133AVZ_ADI75828_Hominidae_2009.322222	H	0.257255937	0.40237467	0.331134565	0.300791557	0.292875989	0.211081794	0.14663144	0.080440287	0.109498681	0.177014531
YMS481VNA_ADN89324_Hominidae_2009	H	0.258575198	0.401055409	0.332453826	0.302110818	0.291556728	0.211081794	0.14663144	0.08045734	0.109498681	0.177014531
DYH302LIY_AEX35152_Hominidae_2008.488889	H	0.258575198	0.401055409	0.332453826	0.300791557	0.292875989	0.212401055	0.14663144	0.080500464	0.109498681	0.177014531
BZU299FVY_AJJ99319_Hominidae_2008.791667	H	0.259894459	0.399736148	0.332453826	0.302110818	0.291556728	0.211081794	0.14663144	0.080463527	0.109498681	0.177014531
TYW298QPY_ADP92464_Hominidae_2009	H	0.257255937	0.40237467	0.331134565	0.300791557	0.292875989	0.211081794	0.14663144	0.080531435	0.109498681	0.177014531
OTY844ISJ_AFJ78660_Hominidae_2009.127778	H	0.257255937	0.40237467	0.331134565	0.300791557	0.292875989	0.212401055	0.145310436	0.08079055	0.109498681	0.177014531
JVP434VYC_AJJ99408_Hominidae_2009.502778	H	0.26121372	0.398416887	0.332453826	0.302110818	0.294195251	0.208443272	0.14663144	0.080479634	0.109498681	0.178335535
EBZ961ABT_AJJ99793_Hominidae_2009.111111	H	0.259894459	0.399736148	0.333773087	0.303430079	0.292875989	0.211081794	0.14663144	0.080421298	0.109498681	0.178335535
ZAM366WGH_AJJ99770_Hominidae_2009.577778	H	0.257255937	0.401055409	0.331134565	0.302110818	0.292875989	0.209762533	0.14663144	0.080447232	0.109498681	0.177014531
OWM823VUG_ADN92907_Hominidae_2009.033333	H	0.258575198	0.401055409	0.332453826	0.302110818	0.291556728	0.211081794	0.14663144	0.080427852	0.109498681	0.177014531
DWJ114WDF_AGR49789_Hominidae_2009.127778	H	0.258575198	0.40237467	0.333773087	0.303430079	0.292875989	0.213720317	0.143989432	0.080791669	0.10817942	0.178335535
XHJ463UON_ADN89203_Hominidae_2009.327778	H	0.258575198	0.401055409	0.333773087	0.303430079	0.291556728	0.212401055	0.14663144	0.080379337	0.109498681	0.178335535
XTF810VFF_AHI97822_Hominidae_2009.452778	H	0.258575198	0.40237467	0.333773087	0.302110818	0.292875989	0.212401055	0.143989432	0.080520959	0.10817942	0.178335535
IPS711MQC_AEB71906_Hominidae_2009.111111	H	0.257595773	0.401585205	0.331571995	0.301188904	0.29326288	0.211360634	0.146825397	0.08021449	0.109643329	0.177248677
BGD955FAQ_AHL90252_Hominidae_2008.097222	H	0.258575198	0.401055409	0.332453826	0.300791557	0.290237467	0.211081794	0.14663144	0.080276294	0.109498681	0.177014531
MLT818DPS_AEO01705_Hominidae_2008.941667	H	0.259894459	0.401055409	0.333773087	0.300791557	0.294195251	0.211081794	0.14663144	0.080183102	0.109498681	0.177014531
CPW061UPR_AEA73726_Hominidae_2009.058333	H	0.257255937	0.40237467	0.331134565	0.299472296	0.294195251	0.211081794	0.14663144	0.080623914	0.109498681	0.177014531
ILA512BYL_AEA73759_Hominidae_2009.091667	H	0.255936675	0.403693931	0.329815303	0.298153034	0.295514512	0.211081794	0.14663144	0.080835397	0.109498681	0.177014531
XXV406OSU_ADN89115_Hominidae_2009.322222	H	0.258575198	0.40237467	0.333773087	0.302110818	0.292875989	0.211081794	0.14663144	0.080337789	0.109498681	0.177014531
YZD805EZD_ADN92903_Hominidae_2008.336111	H	0.258575198	0.401055409	0.333773087	0.302110818	0.292875989	0.211081794	0.14663144	0.080206791	0.109498681	0.179656539
VHS963MEN_AEA73660_Hominidae_2009.116667	H	0.259894459	0.399736148	0.332453826	0.300791557	0.291556728	0.211081794	0.14663144	0.080405094	0.109498681	0.177014531
RGM624DEI_ADW10603_Hominidae_2009.155556	H	0.258575198	0.40237467	0.332453826	0.300791557	0.294195251	0.211081794	0.145310436	0.080166366	0.10817942	0.177014531
JXQ034AVS_ADW10614_Hominidae_2009.158333	H	0.258575198	0.40237467	0.333773087	0.302110818	0.292875989	0.212401055	0.14663144	0.080251813	0.10817942	0.178335535
OVE935FRO_AGH99302_Hominidae_2007.477778	H	0.258790436	0.407876231	0.337552743	0.299578059	0.29676512	0.210970464	0.147887324	0.081055865	0.109704641	0.167605634
QIB763JWR_AEX35108_Hominidae_2008.063889	H	0.257255937	0.40237467	0.331134565	0.299472296	0.292875989	0.211081794	0.14663144	0.080553452	0.109498681	0.174372523
ZRD820VNV_ATU81626_Hominidae_2007	H	0.258575198	0.401055409	0.332453826	0.300791557	0.292875989	0.211081794	0.14663144	0.080415499	0.109498681	0.177014531
ENK840HFV_ADW10537_Hominidae_2009.166667	H	0.258575198	0.401055409	0.332453826	0.300791557	0.294195251	0.211081794	0.14663144	0.080492808	0.109498681	0.177014531
ZVR465GXW_AJK00086_Hominidae_2007.930556	H	0.258575198	0.401055409	0.331134565	0.299472296	0.294195251	0.209762533	0.14663144	0.080461104	0.109498681	0.175693527
PGN915DQG_ADW09207_Hominidae_2009.108333	H	0.257255937	0.40237467	0.332453826	0.302110818	0.291556728	0.212401055	0.14663144	0.080538916	0.109498681	0.177014531
WFS202BUC_ADW10548_Hominidae_2009.172222	H	0.258575198	0.40237467	0.333773087	0.302110818	0.291556728	0.212401055	0.147952444	0.080466457	0.109498681	0.177014531
OTP246AOG_AHL90168_Hominidae_2008.055556	H	0.258575198	0.401055409	0.331134565	0.299472296	0.291556728	0.211081794	0.14663144	0.080437412	0.109498681	0.177014531
QER621PPR_AEA73671_Hominidae_2009.141667	H	0.258575198	0.40237467	0.332453826	0.300791557	0.294195251	0.209762533	0.14663144	0.080859321	0.109498681	0.175693527
ADW09130_ADW09130_Hominidae_2009.252778	H	0.257255937	0.40237467	0.332453826	0.300791557	0.292875989	0.212401055	0.14663144	0.080418272	0.109498681	0.177014531
JWP838NEL_ADW09337_Hominidae_2009.147222	H	0.257255937	0.403693931	0.332453826	0.299472296	0.294195251	0.208443272	0.14663144	0.079987164	0.10817942	0.174372523
ISE512CMW_ADW09262_Hominidae_2009.136111	H	0.258575198	0.401055409	0.332453826	0.300791557	0.292875989	0.211081794	0.147952444	0.080358797	0.110817942	0.177014531
RQY656DMJ_AHL90384_Hominidae_2008.180556	H	0.258575198	0.401055409	0.332453826	0.300791557	0.294195251	0.211081794	0.14663144	0.080412343	0.109498681	0.177014531
MMV201PKO_AHL90805_Hominidae_2009.061111	H	0.257255937	0.40237467	0.331134565	0.299472296	0.292875989	0.211081794	0.14663144	0.080681204	0.109498681	0.175693527
ULN240TVP_ADW10526_Hominidae_2009.166667	H	0.257255937	0.401055409	0.331134565	0.299472296	0.291556728	0.211081794	0.14663144	0.080650059	0.109498681	0.177014531
ZZV102KKJ_AHL89569_Hominidae_2006.944444	H	0.257255937	0.40237467	0.332453826	0.300791557	0.291556728	0.212401055	0.14663144	0.080114679	0.109498681	0.177014531
WBN330RKS_AHL89773_Hominidae_2007.158333	H	0.258575198	0.40237467	0.335092348	0.303430079	0.291556728	0.213720317	0.143989432	0.08001861	0.10817942	0.178335535
FHY116LKW_AHL89581_Hominidae_2006.95	H	0.255936675	0.403693931	0.331134565	0.299472296	0.291556728	0.212401055	0.14663144	0.080188995	0.109498681	0.177014531
HTM083HKH_AHL89857_Hominidae_2007.111111	H	0.257255937	0.403693931	0.332453826	0.299472296	0.292875989	0.212401055	0.143989432	0.079749193	0.10817942	0.178335535
IZY969UOV_AHL89689_Hominidae_2007.097222	H	0.255936675	0.405013193	0.333773087	0.299472296	0.292875989	0.212401055	0.142668428	0.07943787	0.106860158	0.177014531
RZL499TXR_ADM31389_Hominidae_2007.113889	H	0.255936675	0.403693931	0.332453826	0.299472296	0.292875989	0.212401055	0.143989432	0.080031548	0.10817942	0.177014531
QPW247IXS_AHL89641_Hominidae_2007.077778	H	0.257255937	0.403693931	0.333773087	0.300791557	0.292875989	0.212401055	0.143989432	0.080001505	0.10817942	0.177014531
IBM122IZW_AHL89557_Hominidae_2006.241667	H	0.255936675	0.403693931	0.332453826	0.299472296	0.292875989	0.211081794	0.143989432	0.079874775	0.10817942	0.175693527
DBF068QBX_AGH99240_Hominidae_2004.877778	H	0.254571027	0.41068917	0.334739803	0.29676512	0.29676512	0.212376934	0.147887324	0.081219171	0.109704641	0.169014085
RSY160MFE_AGH99245_Hominidae_2005.047222	H	0.254571027	0.4092827	0.333333333	0.29535865	0.29676512	0.212376934	0.147887324	0.081290669	0.109704641	0.169014085
VZZ901WLN_AGH99237_Hominidae_2003	H	0.254571027	0.41068917	0.336146273	0.298171589	0.29676512	0.212376934	0.147887324	0.081233646	0.109704641	0.169014085
GDB231YPE_AEX33868_Hominidae_2005.65	H	0.253298153	0.405013193	0.331134565	0.299472296	0.292875989	0.213720317	0.14663144	0.080624336	0.109498681	0.179656539
KAT002ACO_AFO66234_Hominidae_2003	H	0.254617414	0.403693931	0.329815303	0.298153034	0.292875989	0.212401055	0.14663144	0.080559248	0.109498681	0.178335535
HQX831AKJ_ADN92911_Hominidae_2005.055556	H	0.255936675	0.40237467	0.331134565	0.299472296	0.292875989	0.212401055	0.14663144	0.08049479	0.109498681	0.178335535
NLG115XAU_AGH99232_Hominidae_2001.916667	H	0.260196906	0.406469761	0.337552743	0.299578059	0.29535865	0.209563994	0.147887324	0.080619372	0.109704641	0.166197183
ZEW446XMH_AFO66168_Hominidae_2001	H	0.259894459	0.399736148	0.332453826	0.300791557	0.291556728	0.209762533	0.14663144	0.080056739	0.109498681	0.175693527
NQK817PTQ_ADY04723_Hominidae_2002	H	0.257255937	0.398416887	0.332453826	0.303430079	0.291556728	0.208443272	0.151915456	0.079992843	0.112137203	0.180977543
HSB762TAI_AGH99308_Hominidae_2007.130556	H	0.260196906	0.407876231	0.338959212	0.300984529	0.29676512	0.210970464	0.147887324	0.080996107	0.109704641	0.167605634
PVE350TXN_AFJ78363_Hominidae_2000.341667	H	0.257255937	0.40237467	0.331134565	0.299472296	0.292875989	0.211081794	0.14663144	0.080518433	0.109498681	0.177014531
DJP079UPI_AFJ78473_Hominidae_2005.930556	H	0.255936675	0.403693931	0.329815303	0.298153034	0.292875989	0.211081794	0.14663144	0.08059266	0.109498681	0.177014531
OVY337HSE_AFN06486_Suidae_2008.166667	P	0.259894459	0.399736148	0.333773087	0.299472296	0.292875989	0.211081794	0.143989432	0.08043655	0.106860158	0.178335535
MAQ527OPD_AEX34472_Hominidae_2001	H	0.258575198	0.401055409	0.332453826	0.300791557	0.294195251	0.211081794	0.14663144	0.080409572	0.109498681	0.177014531
CQC816KQE_AFO66179_Hominidae_2001	H	0.259894459	0.399736148	0.333773087	0.302110818	0.291556728	0.211081794	0.14663144	0.080185921	0.109498681	0.179656539
CEZ405MFZ_AGH99273_Hominidae_2006.127778	H	0.258790436	0.407876231	0.337552743	0.300984529	0.29676512	0.210970464	0.147887324	0.081071677	0.109704641	0.164788732
NVR379EWR_AGH99292_Hominidae_2006.330556	H	0.258790436	0.407876231	0.338959212	0.300984529	0.298171589	0.212376934	0.147887324	0.081267333	0.109704641	0.166197183
KCZ005JTN_AGH99284_Hominidae_2006.222222	H	0.257383966	0.4092827	0.337552743	0.299578059	0.298171589	0.212376934	0.147887324	0.081144246	0.109704641	0.166197183
WIR239XIN_AGH99280_Hominidae_2006.227778	H	0.258790436	0.407876231	0.337552743	0.299578059	0.29676512	0.212376934	0.147887324	0.08117316	0.109704641	0.166197183
QTM188IBC_AGH99269_Hominidae_2006.191667	H	0.260196906	0.407876231	0.338959212	0.299578059	0.29676512	0.213783404	0.147887324	0.081111409	0.109704641	0.167605634
PPZ936DDI_AGH99297_Hominidae_2006.119444	H	0.260196906	0.406469761	0.337552743	0.298171589	0.29535865	0.209563994	0.147887324	0.08093146	0.109704641	0.163380282
OIX370PPZ_AGH99259_Hominidae_2006.097222	H	0.258790436	0.407876231	0.337552743	0.300984529	0.29676512	0.212376934	0.147887324	0.081170369	0.109704641	0.166197183
JBD931IVZ_AGH99305_Hominidae_2006.291667	H	0.258790436	0.407876231	0.337552743	0.300984529	0.29676512	0.212376934	0.146478873	0.08123999	0.109704641	0.166197183
AJY360IKP_AGH99281_Hominidae_2006.205556	H	0.258790436	0.407876231	0.337552743	0.299578059	0.298171589	0.210970464	0.147887324	0.081292698	0.109704641	0.167605634
FOJ281VEA_AGH99258_Hominidae_2006.097222	H	0.255977496	0.41068917	0.334739803	0.29676512	0.298171589	0.212376934	0.147887324	0.081555429	0.109704641	0.166197183
YRP089WHY_AGH99299_Hominidae_2006.169444	H	0.255977496	0.41068917	0.334739803	0.29676512	0.299578059	0.212376934	0.147887324	0.081702382	0.109704641	0.166197183
WPV326CHD_AGH99285_Hominidae_2006.252778	H	0.257383966	0.4092827	0.336146273	0.298171589	0.298171589	0.212376934	0.147887324	0.081450907	0.109704641	0.166197183
OIL876BUM_AGH99289_Hominidae_2006.266667	H	0.257383966	0.407876231	0.337552743	0.299578059	0.29535865	0.215189873	0.147887324	0.081927572	0.109704641	0.167605634
PJW737LOO_AGH99290_Hominidae_2006.280556	H	0.257383966	0.405063291	0.334739803	0.29676512	0.29676512	0.213783404	0.149295775	0.08115292	0.111111111	0.171830986
AQD044XWR_AGH99247_Hominidae_2005.977778	H	0.255977496	0.41068917	0.337552743	0.299578059	0.298171589	0.215189873	0.147887324	0.081605348	0.109704641	0.171830986
CIB200RBE_AGH99311_Hominidae_2007.372222	H	0.260196906	0.407876231	0.338959212	0.299578059	0.298171589	0.212376934	0.147887324	0.081278819	0.109704641	0.167605634
LKU960UMH_AGH99309_Hominidae_2007.358333	H	0.257383966	0.41068917	0.337552743	0.299578059	0.298171589	0.212376934	0.147887324	0.081264374	0.109704641	0.166197183
AUD934CWS_AGH99252_Hominidae_2006.044444	H	0.258790436	0.407876231	0.336146273	0.298171589	0.298171589	0.210970464	0.147887324	0.081291292	0.109704641	0.166197183
LNF624FBN_AGH99267_Hominidae_2006.086111	H	0.258790436	0.4092827	0.337552743	0.299578059	0.298171589	0.212376934	0.147887324	0.081334879	0.109704641	0.166197183
EDA086BCO_AGH99278_Hominidae_2006.172222	H	0.257383966	0.4092827	0.336146273	0.298171589	0.298171589	0.212376934	0.147887324	0.08136964	0.109704641	0.166197183
XLE188FSQ_AGH99253_Hominidae_2006.05	H	0.255977496	0.41068917	0.334739803	0.29676512	0.299578059	0.212376934	0.147887324	0.081591501	0.109704641	0.166197183
KYV901GMH_AFJ75683_Hominidae_2008.802778	H	0.258575198	0.401055409	0.332453826	0.299472296	0.294195251	0.212401055	0.145310436	0.080515642	0.10817942	0.175693527
HWZ027VJE_ADN92904_Hominidae_2008.822222	H	0.258575198	0.401055409	0.332453826	0.300791557	0.294195251	0.212401055	0.14663144	0.080540463	0.109498681	0.175693527
VZQ898APH_AFJ78583_Hominidae_2007.502778	H	0.257255937	0.40237467	0.332453826	0.300791557	0.292875989	0.213720317	0.14663144	0.080665841	0.109498681	0.177014531
GTK245VFB_AJB43338_Hominidae_2007.355556	H	0.258575198	0.40237467	0.332453826	0.300791557	0.294195251	0.212401055	0.14663144	0.080709948	0.109498681	0.175693527
YRT750CRD_AGH99317_Hominidae_2008.119444	H	0.258790436	0.407876231	0.336146273	0.298171589	0.29676512	0.212376934	0.147887324	0.081328569	0.109704641	0.166197183
GWB388OPE_AEX34317_Hominidae_2008.747222	H	0.258575198	0.401055409	0.331134565	0.299472296	0.292875989	0.212401055	0.14663144	0.080700116	0.109498681	0.175693527
EZP070QXV_AJB43327_Hominidae_2007.369444	H	0.257255937	0.40237467	0.331134565	0.299472296	0.294195251	0.212401055	0.14663144	0.080728906	0.109498681	0.175693527
BUS404GXV_AFJ75581_Hominidae_2007.847222	H	0.257595773	0.401585205	0.331571995	0.2998679	0.294583884	0.212681638	0.146825397	0.08086748	0.109643329	0.177248677
UBS390HEK_AFO66245_Hominidae_2004	H	0.257255937	0.40237467	0.332453826	0.300791557	0.294195251	0.213720317	0.14663144	0.080639037	0.109498681	0.175693527
JLJ975YUL_AFO66256_Hominidae_2004	H	0.258575198	0.401055409	0.332453826	0.300791557	0.294195251	0.212401055	0.14663144	0.0806363	0.109498681	0.175693527
KJH039PTC_AFJ75068_Hominidae_2006.286111	H	0.26121372	0.398416887	0.332453826	0.300791557	0.292875989	0.211081794	0.14663144	0.080534468	0.109498681	0.175693527
ZZN673ATW_AFJ78484_Hominidae_2006.338889	H	0.259894459	0.399736148	0.332453826	0.300791557	0.292875989	0.209762533	0.14663144	0.080129615	0.109498681	0.174372523
LSQ052INO_AFJ75046_Hominidae_2005.586111	H	0.258916777	0.401585205	0.332892999	0.301188904	0.29326288	0.212681638	0.146825397	0.080468687	0.109643329	0.175925926
KRB223YZH_AFJ78440_Hominidae_2005.577778	H	0.258575198	0.40237467	0.333773087	0.302110818	0.292875989	0.213720317	0.143989432	0.080641292	0.10817942	0.174372523
RHA359IRE_AFJ78528_Hominidae_2007.011111	H	0.257255937	0.401055409	0.331134565	0.299472296	0.292875989	0.212401055	0.14663144	0.080451518	0.109498681	0.175693527
OWJ042RGI_AGH99271_Hominidae_2006.111111	H	0.255977496	0.4092827	0.336146273	0.298171589	0.29676512	0.212376934	0.147887324	0.081113154	0.109704641	0.163380282
OPF979FDD_AGH99298_Hominidae_2006.155556	H	0.257383966	0.407876231	0.337552743	0.299578059	0.29676512	0.212376934	0.147887324	0.081094185	0.109704641	0.166197183
JZZ513MNK_ADN92909_Hominidae_2006.008333	H	0.257255937	0.401055409	0.332453826	0.300791557	0.292875989	0.212401055	0.14663144	0.080452217	0.109498681	0.175693527
YSL193CUQ_ADN92896_Hominidae_2006.119444	H	0.259894459	0.399736148	0.333773087	0.302110818	0.292875989	0.212401055	0.14663144	0.080325149	0.109498681	0.175693527
AZR283PMV_ADN92893_Hominidae_2005.991667	H	0.258575198	0.401055409	0.332453826	0.300791557	0.292875989	0.212401055	0.14663144	0.080525952	0.109498681	0.175693527
TST703YXH_AEX33934_Hominidae_2006.619444	H	0.255936675	0.403693931	0.331134565	0.299472296	0.294195251	0.212401055	0.14663144	0.080596005	0.109498681	0.174372523
OBR583LLI_AEX33956_Hominidae_2006.525	H	0.259894459	0.399736148	0.332453826	0.300791557	0.291556728	0.212401055	0.14663144	0.080515571	0.109498681	0.175693527
SNM229QZX_AFJ75079_Hominidae_2006.738889	H	0.258575198	0.40237467	0.333773087	0.302110818	0.294195251	0.212401055	0.14663144	0.080416501	0.109498681	0.175693527
QVW287KAC_ASW32312_Hominidae_1995	H	0.255936675	0.401055409	0.329815303	0.298153034	0.291556728	0.211081794	0.14663144	0.080543441	0.109498681	0.173051519
UXF064SIY_AGH99216_Hominidae_1986.269444	H	0.258790436	0.403656821	0.334739803	0.298171589	0.298171589	0.206751055	0.145070423	0.081121019	0.108298172	0.167605634
LXT018CNB_AGH99217_Hominidae_1986.366667	H	0.254571027	0.407876231	0.333333333	0.298171589	0.298171589	0.208157525	0.145070423	0.080959863	0.108298172	0.166197183
EDT577ZDX_AGH99215_Hominidae_1986.305556	H	0.258790436	0.405063291	0.336146273	0.299578059	0.298171589	0.208157525	0.147887324	0.081002873	0.109704641	0.166197183
KHB318BIK_AEC47212_Hominidae_1986	H	0.258575198	0.397097625	0.329815303	0.299472296	0.294195251	0.207124011	0.14663144	0.080358801	0.109498681	0.177014531
ZQG100VWW_ABS00319_Suidae_2006	P	0.257255937	0.401055409	0.332453826	0.300791557	0.294195251	0.209762533	0.147952444	0.080829709	0.109498681	0.175693527
JCO713VYA_ABS00330_Suidae_2004	P	0.257255937	0.399736148	0.331134565	0.299472296	0.292875989	0.209762533	0.14663144	0.080327916	0.109498681	0.175693527
IEP098CIH_AGH99218_Hominidae_1987.552778	H	0.257383966	0.407876231	0.334739803	0.29676512	0.29676512	0.209563994	0.147887324	0.081116296	0.109704641	0.166197183
USQ337SWU_AGH99220_Hominidae_1988.677778	H	0.260196906	0.405063291	0.336146273	0.298171589	0.29395218	0.209563994	0.147887324	0.081015782	0.109704641	0.166197183
FCA396VKR_AGH99214_Hominidae_1984.313889	H	0.260196906	0.403656821	0.336146273	0.298171589	0.29535865	0.209563994	0.147887324	0.080994212	0.109704641	0.166197183
TZG580MAW_AGH99211_Hominidae_1981.408333	H	0.257383966	0.405063291	0.333333333	0.29535865	0.29535865	0.209563994	0.147887324	0.081079535	0.109704641	0.166197183
WQT277ADS_AGH99212_Hominidae_1981.572222	H	0.257383966	0.406469761	0.333333333	0.29535865	0.29535865	0.209563994	0.147887324	0.081110444	0.109704641	0.164788732
FUA421JNT_AOV82364_Hominidae_2015.075	H	0.276803119	0.384015595	0.346978558	0.304093567	0.298245614	0.198830409	0.14453125	0.077635078	0.107212476	0.181640625
ZRX637GQN_APZ90421_Hominidae_2016.75	H	0.265789474	0.396052632	0.338157895	0.307894737	0.290789474	0.214473684	0.144927536	0.080720498	0.109210526	0.177865613
JBG860MZS_ATV88506_Hominidae_2016.355556	H	0.261558785	0.400264201	0.335535007	0.306472919	0.289299868	0.21664465	0.145502646	0.080961007	0.109643329	0.17989418
BZF819IJM_ATV87908_Hominidae_2015.772222	H	0.265521797	0.397622193	0.338177015	0.309114927	0.290620872	0.21664465	0.145502646	0.080771637	0.108322325	0.17989418
JNH333XKP_AMB68648_Hominidae_2015.691667	H	0.265251989	0.397877984	0.338196286	0.310344828	0.289124668	0.217506631	0.146082337	0.080471109	0.110079576	0.18061089
ALA961REH_ATV87776_Hominidae_2015.730556	H	0.264822134	0.39657444	0.335968379	0.306982872	0.291172596	0.214756258	0.145118734	0.080778411	0.109354414	0.176781003
EZF572NTY_AHZ60118_Hominidae_2012.919444	H	0.267857143	0.382653061	0.339285714	0.298469388	0.290816327	0.209183673	0.135549872	0.079627708	0.096938776	0.191815857
YGR204KPZ_AHL99855_Hominidae_2013.019444	H	0.263504611	0.399209486	0.335968379	0.306982872	0.291172596	0.216073781	0.145118734	0.080943024	0.109354414	0.176781003
GRY192IYK_AHL96603_Hominidae_2012.983333	H	0.264822134	0.397891963	0.337285903	0.306982872	0.289855072	0.217391304	0.145118734	0.080946616	0.109354414	0.178100264
EGC805FHV_AEX34177_Hominidae_2007.530556	H	0.264200793	0.398943197	0.336856011	0.307793923	0.29326288	0.214002642	0.145502646	0.081097481	0.109643329	0.174603175
HZM089YFV_AHC61102_Hominidae_2010.855556	H	0.265521797	0.397622193	0.336856011	0.309114927	0.29326288	0.211360634	0.145502646	0.081068567	0.109643329	0.173280423
FRK198WKY_AFM71812_Hominidae_2009	H	0.272349272	0.374220374	0.328482328	0.291060291	0.291060291	0.195426195	0.141666667	0.079454074	0.108108108	0.18125
USD113YXT_AJK00351_Avian_2014.030556	A	0.265171504	0.395778364	0.335092348	0.306068602	0.291556728	0.209762533	0.147952444	0.080507955	0.110817942	0.175693527
PXB260WDF_AFY24125_Hominidae_2005	H	0.25625	0.3859375	0.3265625	0.303125	0.278125	0.221875	0.153364632	0.082253416	0.1171875	0.192488263
QNN704LLV_AFM68986_Hominidae_1979	H	0.261173184	0.389664804	0.329608939	0.305865922	0.289106145	0.210893855	0.152447552	0.080682746	0.113128492	0.174825175
XME110KLQ_AEX92900_Hominidae_1934	H	0.254953765	0.401585205	0.330250991	0.301188904	0.290620872	0.215323646	0.149470899	0.081092699	0.112285337	0.175925926
XVB037VGO_AEX92937_Hominidae_1934	H	0.254953765	0.402906209	0.330250991	0.2998679	0.291941876	0.215323646	0.149470899	0.08123059	0.109643329	0.175925926
HLN602JER_AFM71845_Hominidae_2009	H	0.257831325	0.385542169	0.330120482	0.289156627	0.286746988	0.207228916	0.140096618	0.07903874	0.103614458	0.190821256
MWM062ZNH_AEX92892_Hominidae_1934	H	0.250355619	0.405405405	0.332859175	0.297297297	0.291607397	0.216216216	0.145299145	0.080345637	0.108108108	0.183760684
HFE071MRO_AEX92911_Hominidae_1934	H	0.24964539	0.405673759	0.333333333	0.29787234	0.290780142	0.218439716	0.144886364	0.080516152	0.107801418	0.184659091
YDE942UJJ_ABV55858_Suidae_2005	P	0.257255937	0.40237467	0.332453826	0.298153034	0.291556728	0.216358839	0.150594452	0.081209327	0.110817942	0.173051519
RPU577GOP_AIE52679_Hominidae_2011	H	0.255936675	0.401055409	0.331134565	0.300791557	0.290237467	0.216358839	0.149273448	0.081290398	0.110817942	0.178335535
BHQ515JXC_AFM72020_Hominidae_2010	H	0.255936675	0.401055409	0.329815303	0.299472296	0.290237467	0.216358839	0.149273448	0.081352294	0.110817942	0.177014531
VXK976FKW_AFM68964_Hominidae_1934	H	0.258575198	0.401055409	0.333773087	0.302110818	0.295514512	0.213720317	0.145310436	0.080740521	0.10817942	0.175693527
FER651VYN_AFM71900_Hominidae_2009	H	0.257255937	0.401055409	0.332453826	0.300791557	0.295514512	0.213720317	0.145310436	0.080759576	0.10817942	0.175693527
FMZ465LZA_AGQ47858_Hominidae_1935	H	0.262532982	0.394459103	0.331134565	0.300791557	0.290237467	0.212401055	0.151915456	0.080791645	0.112137203	0.171730515
ODX878OKZ_ADY70552_Suidae_1993.611111	P	0.254445964	0.40629275	0.336525308	0.30506156	0.292749658	0.212038304	0.149315068	0.080304941	0.110807114	0.173972603
WJU630FQR_ADH83313_Suidae_2009.344444	P	0.254617414	0.403693931	0.333773087	0.307387863	0.287598945	0.211081794	0.151915456	0.080755963	0.112137203	0.169088507
VAO240MWS_ACF25607_Avian_1990	A	0.255936675	0.403693931	0.337730871	0.310026385	0.287598945	0.215039578	0.151915456	0.080880042	0.113456464	0.177014531
ISM055SWS_ACF25597_Avian_1992	A	0.254617414	0.405013193	0.336411609	0.308707124	0.287598945	0.215039578	0.151915456	0.081155968	0.113456464	0.178335535
JGR464GMJ_BBG92092_Suidae_1982	P	0.254617414	0.403693931	0.335092348	0.307387863	0.288918206	0.213720317	0.150594452	0.08053399	0.112137203	0.174372523
WNZ342YCA_ACD88526_Avian_1980.438889	A	0.255936675	0.403693931	0.337730871	0.308707124	0.287598945	0.2176781	0.149273448	0.080980228	0.110817942	0.178335535
JYB759VJM_ACN90984_Suidae_2003.583333	P	0.259358289	0.406417112	0.344919786	0.312834225	0.292780749	0.215240642	0.148594378	0.080319437	0.105614973	0.176706827
QVI059HOC_BAK22651_Suidae_2005	P	0.249340369	0.410290237	0.332453826	0.303430079	0.287598945	0.216358839	0.15323646	0.080940466	0.113456464	0.175693527
JZN040UZM_BAK22652_Suidae_2004	P	0.253298153	0.403693931	0.335092348	0.303430079	0.284960422	0.2176781	0.14663144	0.081626573	0.110817942	0.174372523
JCV487LZM_ACV52122_Suidae_1931	P	0.255936675	0.403693931	0.336411609	0.308707124	0.290237467	0.2176781	0.15323646	0.081133257	0.113456464	0.174372523
EIX723ILV_ADW01460_Suidae_2009.219444	P	0.255936675	0.403693931	0.336411609	0.308707124	0.290237467	0.2176781	0.154557464	0.081170506	0.113456464	0.174372523
UBK761JXR_AEK65364_Avian_2005.177778	A	0.252994012	0.401197605	0.329341317	0.299401198	0.28742515	0.215568862	0.146926537	0.081385391	0.112275449	0.178410795
CNU749SGL_AHA57197_Avian_2008.058333	A	0.255874674	0.402088773	0.330287206	0.30156658	0.2845953	0.216710183	0.154248366	0.080606533	0.113577023	0.173856209
JHL656SJP_AGG25430_Avian_2010.547222	A	0.254953765	0.402906209	0.334214003	0.306472919	0.290620872	0.21664465	0.156084656	0.080845578	0.114927345	0.17989418
RBB770FBA_AGL56279_Avian_2009.608333	A	0.256274769	0.402906209	0.334214003	0.305151915	0.290620872	0.219286658	0.153439153	0.080408372	0.113606341	0.175925926
WCX388ZCM_AGL52708_Avian_2010.619444	A	0.26074896	0.399445215	0.338418863	0.305131761	0.288488211	0.217753121	0.154166667	0.081358575	0.112343967	0.179166667
JPH399DPF_ATY73852_Avian_2016.844444	A	0.256274769	0.402906209	0.334214003	0.307793923	0.290620872	0.21664465	0.156084656	0.081073431	0.116248349	0.173280423
UVY750TVD_AHN00248_Avian_1981	A	0.257918552	0.407239819	0.343891403	0.312217195	0.292609351	0.21719457	0.158610272	0.081062554	0.113122172	0.173716012
FJX318NEE_AGL52448_Avian_2009	A	0.253565769	0.3977813	0.323296355	0.291600634	0.286846276	0.212361331	0.153968254	0.081521026	0.114104596	0.174603175
DLJ022NUL_AEK49720_Avian_2008.952778	A	0.253711201	0.406207827	0.336032389	0.310391363	0.290148448	0.221322537	0.151351351	0.081504634	0.113360324	0.178378378
FKY524HJN_AFJ12509_Avian_1997.369444	A	0.260655738	0.393442623	0.340983607	0.313114754	0.293442623	0.218032787	0.159277504	0.080460748	0.119672131	0.185550082
TPW948XYE_AGG23590_Avian_2009.577778	A	0.267355982	0.394387001	0.345642541	0.314623338	0.292466765	0.215657312	0.153846154	0.081042336	0.113737075	0.177514793
PYE883KRI_AHN00500_Avian_1982	A	0.256274769	0.401585205	0.332892999	0.305151915	0.290620872	0.215323646	0.156084656	0.080789211	0.114927345	0.171957672
XUK581LQA_ADP07558_Avian_2007.072222	A	0.254953765	0.402906209	0.331571995	0.303830911	0.290620872	0.214002642	0.158730159	0.080376746	0.116248349	0.170634921
QAK107GXC_AFK75124_Avian_2010.608333	A	0.27092511	0.383259912	0.341409692	0.299559471	0.288546256	0.196035242	0.154525386	0.076529897	0.112334802	0.176600442
POW188MJT_AEK49452_Avian_2008.922222	A	0.240986717	0.406072106	0.322580645	0.30170778	0.284629981	0.229601518	0.152091255	0.081476053	0.115749526	0.186311787
IOS820HLG_AEK65740_Avian_2005.661111	A	0.256451613	0.398387097	0.329032258	0.296774194	0.287096774	0.211290323	0.150242326	0.08076694	0.109677419	0.172859451
XBC538VNL_AEK65676_Avian_2005.625	A	0.259026688	0.395604396	0.32967033	0.296703297	0.290423862	0.210361068	0.152515723	0.080918793	0.113029827	0.172955975
TDH436FMY_AFP20953_Avian_2009.655556	A	0.257274119	0.399693721	0.332312404	0.30474732	0.286370597	0.215926493	0.151840491	0.081115396	0.11179173	0.179447853
LAS995XGZ_AHN03784_Avian_1975	A	0.247272727	0.409090909	0.334545455	0.325454545	0.272727273	0.236363636	0.140255009	0.08353842	0.109090909	0.196721311
OYT446SKE_AEK49523_Avian_2008.844444	A	0.258156028	0.4	0.333333333	0.303546099	0.290780142	0.215602837	0.146306818	0.080656349	0.110638298	0.171875
PFC741AZO_AUI42246_Avian_2016.608333	A	0.285106383	0.380851064	0.353191489	0.323404255	0.289361702	0.19787234	0.151385928	0.080169999	0.106382979	0.170575693
WKZ731NOR_AFY09761_Avian_2007.675	A	0.254185693	0.394216134	0.330289193	0.305936073	0.287671233	0.217656012	0.161585366	0.082083089	0.117199391	0.179878049
JAF274XWA_AEK70602_Avian_2005.686111	A	0.257698541	0.398703404	0.332252836	0.299837925	0.291734198	0.212317666	0.150974026	0.080214369	0.108589951	0.173701299
RCJ431QUO_AFY05940_Avian_2007.675	A	0.253632761	0.404227213	0.331571995	0.306472919	0.290620872	0.21664465	0.156084656	0.080581869	0.114927345	0.174603175
PIU150CNR_AFM09352_Avian_2006.363889	A	0.25729443	0.403183024	0.336870027	0.307692308	0.291777188	0.216180371	0.154050465	0.080497751	0.112732095	0.173970784
CCM104EEE_APC30618_Avian_2011.488889	A	0.254953765	0.402906209	0.331571995	0.302509908	0.290620872	0.215323646	0.156084656	0.080757529	0.113606341	0.175925926
TNC551BFA_AGB98012_Avian_2009.533333	A	0.258644537	0.403872752	0.338865837	0.307053942	0.28769018	0.214384509	0.156509695	0.079102995	0.113416321	0.177285319
UPZ552THP_AQS98055_Hominidae_2017	H	0.253632761	0.404227213	0.332892999	0.306472919	0.290620872	0.212681638	0.153439153	0.080005014	0.113606341	0.17989418
DSF222ZKE_ARH16327_Hominidae_2017.094444	H	0.254617414	0.403693931	0.335092348	0.308707124	0.288918206	0.213720317	0.15323646	0.079970555	0.113456464	0.179656539
RTK351PGA_ARO43182_Hominidae_2017.216667	H	0.251978892	0.405013193	0.332453826	0.306068602	0.290237467	0.215039578	0.15323646	0.080460516	0.113456464	0.178335535
RQS959TUX_AOT88434_Hominidae_2016.366667	H	0.253298153	0.405013193	0.332453826	0.306068602	0.291556728	0.212401055	0.154557464	0.080060076	0.113456464	0.173051519
RQR166SUE_AOT92652_Hominidae_2016.186111	H	0.253298153	0.405013193	0.333773087	0.307387863	0.290237467	0.215039578	0.154557464	0.080273719	0.113456464	0.177014531
FQY407UDB_AMA11438_Hominidae_2015.841667	H	0.251978892	0.406332454	0.333773087	0.306068602	0.290237467	0.215039578	0.154557464	0.080274143	0.113456464	0.177014531
SNE729EZI_AMB72061_Hominidae_2014.672222	H	0.253298153	0.405013193	0.333773087	0.306068602	0.288918206	0.215039578	0.154557464	0.080269213	0.113456464	0.177014531
UWI024RVZ_AMA11493_Hominidae_2015.636111	H	0.254953765	0.402906209	0.334214003	0.307793923	0.289299868	0.214002642	0.153439153	0.08033051	0.113606341	0.177248677
YWB068PGX_ASU06491_Hominidae_2015.105556	H	0.25698324	0.400372439	0.337057728	0.29981378	0.292364991	0.206703911	0.15858209	0.079010021	0.115456238	0.188432836
JRZ214QPM_ARI69101_Hominidae_2011.583333	H	0.255405405	0.402702703	0.328378378	0.301351351	0.290540541	0.213513514	0.151556157	0.081225161	0.110810811	0.173207037
TKC504SFU_AGB13005_Hominidae_2011.147222	H	0.251533742	0.412576687	0.345092025	0.320552147	0.27607362	0.234662577	0.147465438	0.080223741	0.110429448	0.188940092
CYJ318NWQ_AHL80980_Hominidae_2011.036111	H	0.258287293	0.397790055	0.332872928	0.306629834	0.284530387	0.216850829	0.156293223	0.080952345	0.116022099	0.181189488
COP760BMK_AGK73365_Hominidae_2010.994444	H	0.254617414	0.403693931	0.332453826	0.307387863	0.288918206	0.216358839	0.155878468	0.08084215	0.114775726	0.174372523
HRZ884BMP_AKL90888_Hominidae_2012.030556	H	0.255464481	0.405737705	0.334699454	0.31010929	0.286885246	0.217213115	0.158686731	0.080116008	0.114754098	0.179206566
HIK002UFM_AHM98931_Hominidae_2009	H	0.266	0.386	0.326	0.306	0.284	0.202	0.146292585	0.080936081	0.108	0.186372745
FTX503MIN_AHB22448_Suidae_2010.030556	P	0.252311757	0.406869221	0.334214003	0.309114927	0.291941876	0.217965654	0.156084656	0.080921343	0.114927345	0.177248677
CFM213BFU_AFY24006_Hominidae_2009.780556	H	0.255673222	0.403933434	0.340393343	0.317700454	0.295007564	0.214826021	0.159090909	0.080180294	0.113464448	0.181818182
WUC121FGW_AFY24017_Hominidae_2009.838889	H	0.249190939	0.394822006	0.330097087	0.302588997	0.283171521	0.218446602	0.14910859	0.080242343	0.116504854	0.175040519
TVO578ZJJ_AFY24084_Hominidae_2010.047222	H	0.278688525	0.396174863	0.37704918	0.346994536	0.284153005	0.224043716	0.15890411	0.076845255	0.114754098	0.2
YIL177JZP_AFY24027_Hominidae_2009.858333	H	0.243309002	0.413625304	0.335766423	0.306569343	0.294403893	0.214111922	0.131707317	0.079047133	0.111922141	0.17804878
COT741VVQ_AFY24055_Hominidae_2009.913889	H	0.246943765	0.393643032	0.33007335	0.315403423	0.278728606	0.200488998	0.169117647	0.077469373	0.129584352	0.181372549
SGJ360PKA_AFY24094_Hominidae_2010.105556	H	0.247261346	0.408450704	0.336463224	0.312989045	0.287949922	0.222222222	0.145768025	0.080348338	0.109546166	0.18338558
MXH365SXC_CCD30998_Suidae_2010.833333	P	0.250659631	0.403693931	0.32585752	0.30474934	0.290237467	0.215039578	0.15984148	0.081828572	0.117414248	0.171730515
AKC681NUJ_CCD33086_Suidae_2010.833333	P	0.251978892	0.403693931	0.328496042	0.308707124	0.290237467	0.220316623	0.15984148	0.081640081	0.117414248	0.177014531
MVS852VLW_ADI49351_Hominidae_2009.483333	H	0.252645503	0.406084656	0.333333333	0.30952381	0.28968254	0.216931217	0.156291391	0.080641546	0.115079365	0.177483444
CQQ018JHW_ASU06492_Hominidae_2009.925	H	0.260188088	0.407523511	0.340125392	0.31661442	0.296238245	0.213166144	0.152276295	0.081871913	0.109717868	0.174254317
ZBF430NEI_AKH14297_Suidae_2013.733333	P	0.255319149	0.404255319	0.33643617	0.311170213	0.287234043	0.216755319	0.151797603	0.080809172	0.113031915	0.181091877
UKM410QKZ_AEA29324_Suidae_2009.552778	P	0.251978892	0.406332454	0.333773087	0.308707124	0.291556728	0.2176781	0.155878468	0.080929482	0.114775726	0.177014531
QKV415YMH_AHM98996_Hominidae_2009	H	0.252923977	0.40497076	0.342105263	0.31871345	0.279239766	0.229532164	0.156661786	0.080442774	0.118421053	0.181551977
OSX298WGY_AFY23996_Hominidae_2009.35	H	0.267405063	0.39556962	0.346518987	0.314873418	0.292721519	0.221518987	0.153724247	0.080960447	0.115506329	0.183835182
MLS310NRW_AHM99007_Hominidae_2009	H	0.266409266	0.38030888	0.324324324	0.299227799	0.287644788	0.204633205	0.14893617	0.080087197	0.11003861	0.179883946
RIU796KFK_AUO32076_Suidae_2017.588889	P	0.257255937	0.40237467	0.336411609	0.311345646	0.286279683	0.218997361	0.154557464	0.08089861	0.113456464	0.178335535
YWA378KBL_AUO32086_Suidae_2017.641667	P	0.259894459	0.399736148	0.336411609	0.312664908	0.287598945	0.2176781	0.155878468	0.08112078	0.114775726	0.175693527
KIF803IWL_AUO32106_Suidae_2017.647222	P	0.258575198	0.401055409	0.335092348	0.311345646	0.290237467	0.216358839	0.155878468	0.081127991	0.114775726	0.177014531
SEJ526UUK_AUO32126_Suidae_2017.619444	P	0.26121372	0.399736148	0.339050132	0.313984169	0.291556728	0.213720317	0.155878468	0.080513653	0.114775726	0.171730515
ZUZ186QSZ_AFV33732_Hominidae_2012.244444	H	0.263297872	0.39893617	0.340425532	0.316489362	0.28856383	0.215425532	0.157123835	0.080914688	0.115691489	0.175765646
VGX099YPF_AFL56906_Suidae_2011.375	P	0.257412399	0.40296496	0.338274933	0.312668464	0.288409704	0.215633423	0.155195682	0.080495227	0.114555256	0.174089069
ETE671MUO_AUO32096_Suidae_2017.608333	P	0.259894459	0.397097625	0.335092348	0.308707124	0.290237467	0.215039578	0.155878468	0.080878892	0.114775726	0.169088507
KLQ745VNM_AHB24523_Suidae_2010.588889	P	0.272875817	0.392156863	0.344771242	0.312091503	0.289215686	0.209150327	0.163666121	0.079173363	0.114379085	0.170212766
DQE981FDY_ADV58923_Suidae_2009.255556	P	0.263852243	0.395778364	0.340369393	0.316622691	0.286279683	0.216358839	0.155878468	0.080370373	0.113456464	0.177014531
CMU438LUB_AUO32026_Suidae_2017.658333	P	0.254617414	0.40237467	0.335092348	0.307387863	0.283641161	0.220316623	0.155878468	0.080895118	0.114775726	0.187582563
XIL506CSS_AUO32186_Suidae_2017.647222	P	0.255936675	0.403693931	0.336411609	0.310026385	0.283641161	0.222955145	0.151915456	0.081224008	0.113456464	0.188903567
SGJ411FRM_AHB23821_Suidae_2009.022222	P	0.254545455	0.402797203	0.332867133	0.306293706	0.285314685	0.218181818	0.161064426	0.08100569	0.116083916	0.183473389
MPZ191YNC_AHB82085_Suidae_2006.147222	P	0.27402863	0.376278119	0.333333333	0.300613497	0.282208589	0.200408998	0.147540984	0.079838426	0.106339468	0.182377049
CNS049INU_ANZ03680_Suidae_2015.155556	P	0.26121372	0.399736148	0.340369393	0.313984169	0.286279683	0.216358839	0.154557464	0.080854904	0.114775726	0.182298547
HVD814VGG_AHB24429_Suidae_2010.858333	P	0.254486134	0.39314845	0.327895595	0.298531811	0.280587276	0.215334421	0.153594771	0.081010201	0.114192496	0.184640523
DDL144XBG_AHB82076_Suidae_2004.919444	P	0.2624	0.3952	0.3424	0.312	0.2896	0.2096	0.153846154	0.078063706	0.1152	0.184294872
KHB145GCH_ADV58917_Suidae_2009.391667	P	0.257255937	0.40237467	0.336411609	0.308707124	0.283641161	0.218997361	0.154557464	0.080596487	0.113456464	0.174372523
SDT551VBS_AEA29318_Suidae_2009.344444	P	0.260237781	0.401585205	0.339498018	0.313077939	0.282694848	0.22324967	0.153439153	0.080694483	0.112285337	0.177248677
BFC103CSH_AHB52124_Suidae_2004.230556	P	0.264197531	0.385185185	0.343209877	0.30617284	0.286419753	0.209876543	0.153465347	0.0789639	0.10617284	0.205445545
HJN735WLK_AUO32196_Suidae_2017.658333	P	0.253298153	0.406332454	0.335092348	0.308707124	0.292875989	0.216358839	0.15323646	0.080685358	0.113456464	0.173051519
WOM100IDF_AHB23228_Suidae_2004.616667	P	0.284289277	0.371571072	0.354114713	0.311720698	0.281795511	0.201995012	0.1425	0.077514607	0.104738155	0.195
BKJ842OMI_AHB51910_Suidae_2003.527778	P	0.267904509	0.379310345	0.347480106	0.312997347	0.281167109	0.214854111	0.138297872	0.078497115	0.100795756	0.207446809
OAV239OCY_AHB51886_Suidae_2003.977778	P	0.262331839	0.390134529	0.340807175	0.30044843	0.289237668	0.213004484	0.146067416	0.078334895	0.107623318	0.197752809
LBX604LRR_AHB52073_Suidae_2004.855556	P	0.281995662	0.370932755	0.344902386	0.310195228	0.290672451	0.203904555	0.152173913	0.079091175	0.110629067	0.193478261
TRF505VVI_AHB52062_Suidae_2004.725	P	0.263888889	0.397569444	0.347222222	0.315972222	0.286458333	0.215277778	0.153043478	0.078074222	0.111111111	0.189565217
RPA013FTH_AFQ34747_Suidae_2010.647222	P	0.256830601	0.394808743	0.331967213	0.308743169	0.285519126	0.215846995	0.155950752	0.080886933	0.116120219	0.177838577
XII866GAI_AHB52037_Suidae_2004.15	P	0.275330396	0.378854626	0.343612335	0.303964758	0.295154185	0.202643172	0.14790287	0.078084014	0.107929515	0.19205298
RHB670GTN_AHB52172_Suidae_2005.186111	P	0.281553398	0.376213592	0.349514563	0.313106796	0.296116505	0.201456311	0.150851582	0.077735491	0.104368932	0.192214112
BYZ247WRO_AFQ34692_Suidae_2010.647222	P	0.253751705	0.399727149	0.326057299	0.302864939	0.289222374	0.210095498	0.161202186	0.080734951	0.118690314	0.170765027
YRW098JOK_AEM00348_Avian_2006	A	0.254290172	0.394695788	0.327613105	0.296411856	0.288611544	0.210608424	0.15625	0.080858322	0.115444618	0.175
OAZ927UVV_ADO21022_Suidae_2007.083333	P	0.266490765	0.398416887	0.337730871	0.306068602	0.288918206	0.209762533	0.151915456	0.080180641	0.112137203	0.173051519
URF534JSU_ADO21033_Suidae_2007.083333	P	0.267810026	0.398416887	0.339050132	0.306068602	0.288918206	0.211081794	0.149273448	0.079884831	0.110817942	0.174372523
OHC231WUD_ADO21011_Suidae_2007.083333	P	0.266490765	0.398416887	0.337730871	0.306068602	0.288918206	0.209762533	0.151915456	0.079997327	0.112137203	0.173051519
UNJ938VZO_ADO21044_Suidae_2007.083333	P	0.267810026	0.398416887	0.337730871	0.306068602	0.288918206	0.209762533	0.15323646	0.080257798	0.112137203	0.173051519
RZH456CEU_ALQ12534_Suidae_2014.794444	P	0.258575198	0.401055409	0.335092348	0.306068602	0.291556728	0.212401055	0.150594452	0.080560332	0.112137203	0.173051519
AWF928TRH_AFY05763_Avian_2009.691667	A	0.255944056	0.398601399	0.334265734	0.306293706	0.290909091	0.215384615	0.152661064	0.080277297	0.114685315	0.179271709
AIU780ZBD_AGG26636_Avian_1986.633333	A	0.259361997	0.39667129	0.332871012	0.302357836	0.292649098	0.210818308	0.155555556	0.080149385	0.115117892	0.176388889
LGZ128TRL_AFX88509_Avian_1988.372222	A	0.26541555	0.383378016	0.345844504	0.310991957	0.27613941	0.217158177	0.14516129	0.077936607	0.104557641	0.204301075
RLD391UGQ_AGG81709_Avian_2010.672222	A	0.252777778	0.405555556	0.331944444	0.308333333	0.290277778	0.216666667	0.155771905	0.079999103	0.116666667	0.173852573
APW143XCT_AFY05685_Avian_2009.694444	A	0.251830161	0.404099561	0.332357247	0.308931186	0.29136164	0.222547584	0.156891496	0.081134665	0.118594436	0.181818182
GHG381XWK_AFY09682_Avian_2009.694444	A	0.245819398	0.408026756	0.329431438	0.307692308	0.282608696	0.232441472	0.157453936	0.08213065	0.117056856	0.180904523
DND687MSS_AIA61964_Avian_2007.333333	A	0.256868132	0.403846154	0.333791209	0.306318681	0.296703297	0.218406593	0.158184319	0.081189371	0.114010989	0.171939477
SPJ692ZJI_AGG81772_Avian_2010.613889	A	0.261348006	0.403026135	0.339752407	0.312242091	0.297111417	0.213204952	0.158402204	0.080319078	0.116918845	0.172176309
LEL008XDA_AMQ30832_Avian_2014.655556	A	0.253968254	0.403439153	0.334656085	0.306878307	0.291005291	0.215608466	0.156291391	0.080552796	0.115079365	0.174834437
IJB280OZO_AFK75135_Avian_2010.608333	A	0.28	0.383157895	0.353684211	0.309473684	0.292631579	0.193684211	0.14978903	0.075841171	0.111578947	0.183544304
IGD758ZPA_AGE07910_Avian_2010.911111	A	0.256274769	0.401585205	0.334214003	0.306472919	0.290620872	0.21664465	0.156084656	0.080627763	0.114927345	0.174603175
KUY602TZQ_AGG26544_Avian_2009	A	0.253968254	0.403439153	0.332010582	0.305555556	0.28968254	0.216931217	0.156291391	0.080986632	0.115079365	0.173509934
KGF820PZO_AGG26592_Avian_1987.386111	A	0.251057828	0.403385049	0.334273625	0.308885755	0.294781382	0.220028209	0.155367232	0.081140894	0.115655853	0.18220339
MUD489SPW_AHZ13553_Avian_2005.352778	A	0.254498715	0.383033419	0.311053985	0.298200514	0.272493573	0.195372751	0.172680412	0.079317183	0.128534704	0.175257732
SLD793ATA_AUI42250_Avian_2016.397222	A	0.251461988	0.394736842	0.326023392	0.304093567	0.285087719	0.213450292	0.161054173	0.081004346	0.119883041	0.17715959
RAV608OHZ_ASU48438_Avian_2016.391667	A	0.257595773	0.400264201	0.334214003	0.306472919	0.290620872	0.215323646	0.156084656	0.080828907	0.114927345	0.174603175
MOI488DYQ_AHN03760_Avian_1975	A	0.260393873	0.391684902	0.334792123	0.319474836	0.286652079	0.210065646	0.146929825	0.080327866	0.118161926	0.195175439
JUZ170YID_AFM83243_Avian_2003	A	0.247619048	0.401587302	0.326984127	0.298412698	0.293650794	0.217460317	0.151033386	0.081083409	0.112698413	0.182829889
QEM705GVX_AGL52492_Avian_2009	A	0.247113164	0.404157044	0.346420323	0.321016166	0.281755196	0.240184758	0.134259259	0.080525414	0.106235566	0.219907407
WJF413WTH_AET74518_Avian_1994.605556	A	0.254545455	0.392207792	0.342857143	0.311688312	0.277922078	0.231168831	0.143229167	0.081574414	0.111688312	0.200520833
CJD734PKK_AIS23623_Avian_2010.038889	A	0.254421769	0.410884354	0.33877551	0.306122449	0.289795918	0.219047619	0.159400545	0.08082015	0.114285714	0.173024523
TBT720HNV_AIS23601_Avian_2010.041667	A	0.264397906	0.397905759	0.340314136	0.307591623	0.286649215	0.212041885	0.159895151	0.080413952	0.119109948	0.170380079
ZQT206JKE_AEA04353_Avian_1968.444444	A	0.260992908	0.402836879	0.339007092	0.304964539	0.290780142	0.212765957	0.150568182	0.079450846	0.109219858	0.178977273
VTF091FSN_AGB98033_Avian_2010.475	A	0.272331155	0.376906318	0.34204793	0.300653595	0.287581699	0.20043573	0.15720524	0.078227132	0.11546841	0.18558952
CZB980QND_AEK65218_Avian_1979.555556	A	0.261410788	0.399723375	0.334716459	0.297372061	0.290456432	0.213001383	0.146814404	0.080225046	0.110650069	0.175900277
JWZ345WTV_AIK26191_Avian_2014	A	0.253632761	0.402906209	0.330250991	0.303830911	0.28665786	0.21664465	0.158730159	0.080432636	0.116248349	0.174603175
FZQ695RHW_ATP61529_Canidae_2015.958333	D	0.255936675	0.403693931	0.336411609	0.308707124	0.292875989	0.212401055	0.151915456	0.080116373	0.112137203	0.173051519
MSB621LJI_ATP61541_Canidae_2015.958333	D	0.253298153	0.403693931	0.333773087	0.307387863	0.290237467	0.211081794	0.15323646	0.080546933	0.113456464	0.173051519
TCB721KRF_ATQ39035_Canidae_2015.9	D	0.254617414	0.403693931	0.335092348	0.306068602	0.292875989	0.211081794	0.151915456	0.080107157	0.112137203	0.171730515
KJN052FMR_ATQ39047_Canidae_2015.9	D	0.254617414	0.403693931	0.335092348	0.306068602	0.291556728	0.211081794	0.151915456	0.080171008	0.112137203	0.171730515
UMN365DOI_AFN69283_Canidae_2011.166667	D	0.251978892	0.403693931	0.331134565	0.302110818	0.290237467	0.215039578	0.15323646	0.081120794	0.113456464	0.170409511
UNX773ODB_AHB73431_Avian_2013.041667	A	0.25163827	0.410222805	0.331585845	0.309305374	0.289646134	0.214941022	0.153543307	0.08000446	0.114023591	0.173228346
MFW819SYL_BBC21031_Avian_2017.136111	A	0.256274769	0.400264201	0.331571995	0.301188904	0.285336856	0.21003963	0.157407407	0.079153504	0.112285337	0.169312169
WAN239VXQ_AHN04000_Avian_1975	A	0.259036145	0.401606426	0.351405622	0.325301205	0.281124498	0.228915663	0.150905433	0.078660823	0.110441767	0.193158954
HGR148QTJ_AEL23178_Avian_2006.588889	A	0.249216301	0.396551724	0.318181818	0.286833856	0.286833856	0.20846395	0.155416013	0.081390765	0.117554859	0.1711146
RKZ942WNN_ARX93234_Avian_2000.638889	A	0.256274769	0.402906209	0.334214003	0.306472919	0.287978864	0.217965654	0.153439153	0.080534335	0.113606341	0.174603175
FQQ114CPH_AGT41198_Avian_2000.063889	A	0.260402685	0.404026846	0.339597315	0.311409396	0.29261745	0.213422819	0.154569892	0.080294576	0.112751678	0.174731183
IIS393CLO_AHZ39625_Avian_2011.980556	A	0.249311295	0.407713499	0.327823691	0.307162534	0.282369146	0.217630854	0.16	0.079985582	0.11707989	0.171034483
EQS084CZC_AEM00337_Avian_2004.608333	A	0.260027663	0.398340249	0.338865837	0.307053942	0.291839557	0.213001383	0.156509695	0.080285315	0.113416321	0.171745152
GDP588UGW_AGG23578_Avian_2009.577778	A	0.264270613	0.378435518	0.334038055	0.302325581	0.289640592	0.198731501	0.158898305	0.078551057	0.118393235	0.175847458
UQN125KNZ_AIS23612_Avian_2010.041667	A	0.255434783	0.40625	0.33423913	0.297554348	0.289402174	0.216032609	0.156462585	0.080929534	0.11548913	0.165986395
WBA899RRG_ACA42425_Suidae_2003	P	0.255936675	0.401055409	0.333773087	0.306068602	0.290237467	0.215039578	0.155878468	0.0804026	0.114775726	0.178335535
OIO562IWN_AHN03632_Avian_1976	A	0.256916996	0.401844532	0.335968379	0.308300395	0.291172596	0.213438735	0.158311346	0.080383988	0.115942029	0.171503958
CXM255DBL_ACF36775_Avian_2007.644444	A	0.253298153	0.406332454	0.335092348	0.307387863	0.288918206	0.2176781	0.155878468	0.080664324	0.114775726	0.175693527
UQC813MRC_AUO30205_Avian_2015.283333	A	0.251978892	0.406332454	0.327176781	0.290237467	0.294195251	0.208443272	0.134742404	0.081084783	0.104221636	0.165125495
HZM354TLC_AHZ13579_Avian_2004.352778	A	0.258389262	0.390939597	0.323825503	0.293624161	0.283557047	0.204697987	0.156302521	0.078840648	0.115771812	0.173109244
HJK905SGV_ADD64008_Avian_2000.083333	A	0.259705489	0.39892905	0.337349398	0.311914324	0.293172691	0.21686747	0.152815013	0.080964221	0.111111111	0.1769437
VWD199ANL_AET74421_Avian_1990.402778	A	0.256097561	0.391986063	0.325783972	0.297909408	0.290940767	0.210801394	0.164048866	0.08098238	0.114982578	0.176265271
VMX022WEW_BBB38741_Avian_2014.727778	A	0.252311757	0.405548217	0.332892999	0.305151915	0.291941876	0.21664465	0.156084656	0.081171167	0.114927345	0.173280423
ERV270WET_ADI79246_Avian_2006.15	A	0.251358696	0.410326087	0.338315217	0.305706522	0.288043478	0.225543478	0.156462585	0.080943	0.114130435	0.186394558
PGI142WYE_ADI79237_Avian_2006.15	A	0.251308901	0.409685864	0.339005236	0.310209424	0.289267016	0.226439791	0.154652687	0.080821501	0.113874346	0.186107471
HAI149YZX_ACT83211_Avian_2008.547222	A	0.246418338	0.406876791	0.329512894	0.313753582	0.277936963	0.220630372	0.160688666	0.080165462	0.118911175	0.177905308
PWU662QEB_AKI84323_Equidae_2014.805556	E	0.258278146	0.401324503	0.331125828	0.301986755	0.294039735	0.213245033	0.159151194	0.080667094	0.112582781	0.173740053
UZM911YSU_AOD75038_Canidae_2016.141667	D	0.253298153	0.40237467	0.328496042	0.299472296	0.290237467	0.212401055	0.157199472	0.081133385	0.113456464	0.180977543
CFQ918WRG_ADY71219_Suidae_2003.741667	P	0.259894459	0.398416887	0.332453826	0.300791557	0.292875989	0.211081794	0.154557464	0.080230814	0.112137203	0.170409511
HAJ224GMS_AEA04407_Equidae_1956.444444	E	0.255936675	0.40237467	0.337730871	0.310026385	0.296833773	0.205804749	0.158520476	0.078953461	0.112137203	0.178335535
HAQ093ZWE_ACO25022_Suidae_1995	P	0.258575198	0.398416887	0.341688654	0.310026385	0.287598945	0.213720317	0.157199472	0.079382678	0.112137203	0.171730515
VGN474PBK_AFR76652_Suidae_1998	P	0.250990753	0.405548217	0.331571995	0.302509908	0.290620872	0.211360634	0.154761905	0.081057345	0.110964333	0.175925926
YVV596JRC_AJI76104_Suidae_2013.038889	P	0.253298153	0.406332454	0.335092348	0.303430079	0.288918206	0.218997361	0.155878468	0.081192846	0.110817942	0.178335535
TYE501ZDS_AJI76284_Suidae_2012.866667	P	0.253298153	0.405013193	0.336411609	0.30474934	0.287598945	0.220316623	0.155878468	0.081444589	0.112137203	0.177014531
JLZ536KHP_ADV69006_Suidae_2010	P	0.254617414	0.405013193	0.336411609	0.30474934	0.290237467	0.218997361	0.154557464	0.081174312	0.110817942	0.174372523
JUA674CUS_ADW01404_Hominidae_2011.025	H	0.254617414	0.403693931	0.335092348	0.30474934	0.290237467	0.216358839	0.155878468	0.0810627	0.112137203	0.175693527
SFG070WBD_AEX63614_Suidae_2011.022222	P	0.255936675	0.40237467	0.335092348	0.303430079	0.290237467	0.2176781	0.155878468	0.08121786	0.112137203	0.175693527
ZVD643WBN_ANE36625_Suidae_2012.791667	P	0.255936675	0.403693931	0.336411609	0.30474934	0.290237467	0.2176781	0.155878468	0.081051768	0.112137203	0.175693527
NRW492WDM_AIE50077_Suidae_2011.383333	P	0.251978892	0.406332454	0.332453826	0.300791557	0.288918206	0.218997361	0.155878468	0.081519318	0.112137203	0.177014531
EDW573KSJ_AIE51260_Suidae_2012.205556	P	0.255936675	0.403693931	0.336411609	0.30474934	0.291556728	0.215039578	0.155878468	0.08092237	0.112137203	0.175693527
FMI440NYH_AJI76324_Suidae_2012.863889	P	0.258575198	0.40237467	0.337730871	0.306068602	0.291556728	0.215039578	0.155878468	0.08119314	0.112137203	0.174372523
KKB679OAH_ATG28365_Suidae_2013.666667	P	0.255936675	0.405013193	0.337730871	0.306068602	0.288918206	0.2176781	0.155878468	0.080420794	0.112137203	0.175693527
RQK484PXI_ATG28410_Suidae_2013.333333	P	0.256274769	0.402906209	0.336856011	0.305151915	0.289299868	0.21664465	0.156084656	0.080853742	0.112285337	0.17989418
EWI130BRG_AIE50779_Suidae_2011.916667	P	0.255936675	0.403693931	0.336411609	0.306068602	0.290237467	0.2176781	0.155878468	0.081063915	0.112137203	0.175693527
HUB441XHF_AEQ61330_Suidae_2011	P	0.254617414	0.406332454	0.335092348	0.303430079	0.291556728	0.216358839	0.155878468	0.081028447	0.112137203	0.173051519
EXF869GQC_AEQ61350_Suidae_2011	P	0.255936675	0.405013193	0.335092348	0.303430079	0.292875989	0.216358839	0.155878468	0.081262217	0.112137203	0.171730515
EYO614JBL_AEQ61310_Suidae_2011	P	0.254617414	0.405013193	0.335092348	0.303430079	0.290237467	0.2176781	0.155878468	0.081122401	0.112137203	0.175693527
QYO871SMU_AFU92400_Suidae_2012.188889	P	0.255936675	0.405013193	0.337730871	0.306068602	0.290237467	0.216358839	0.157199472	0.080492525	0.112137203	0.173051519
ZYJ081DIK_AEQ61370_Suidae_2010.916667	P	0.255936675	0.403693931	0.337730871	0.306068602	0.288918206	0.218997361	0.155878468	0.08077983	0.112137203	0.177014531
ALK797BVD_AGN69321_Suidae_2011.047222	P	0.254617414	0.403693931	0.335092348	0.303430079	0.290237467	0.216358839	0.155878468	0.08095957	0.112137203	0.175693527
QCA525VDK_AJI76204_Suidae_2011.872222	P	0.254617414	0.405013193	0.335092348	0.302110818	0.291556728	0.216358839	0.155878468	0.080917174	0.110817942	0.175693527
KIN759YYL_AGN69297_Suidae_2011.094444	P	0.254617414	0.403693931	0.335092348	0.303430079	0.290237467	0.2176781	0.155878468	0.081042395	0.112137203	0.175693527
FAI652CQK_AJI76184_Suidae_2012.369444	P	0.254617414	0.405013193	0.335092348	0.30474934	0.288918206	0.216358839	0.15323646	0.081058546	0.110817942	0.174372523
YKF443PCX_AFV77698_Suidae_2012.011111	P	0.255936675	0.403693931	0.336411609	0.30474934	0.290237467	0.2176781	0.155878468	0.081055502	0.112137203	0.175693527
GZZ331ACU_AEQ61290_Suidae_2011	P	0.255936675	0.403693931	0.335092348	0.303430079	0.291556728	0.216358839	0.155878468	0.081006358	0.112137203	0.174372523
POV901SAH_AHM24296_Suidae_2013.044444	P	0.257255937	0.40237467	0.336411609	0.303430079	0.290237467	0.216358839	0.158520476	0.081229949	0.113456464	0.173051519
MJR724UQO_AGN69285_Suidae_2011.094444	P	0.257255937	0.40237467	0.337730871	0.306068602	0.290237467	0.2176781	0.155878468	0.081005762	0.112137203	0.177014531
QVN487ZKL_AFU92390_Suidae_2011.983333	P	0.255936675	0.405013193	0.337730871	0.306068602	0.290237467	0.2176781	0.155878468	0.081390904	0.112137203	0.175693527
VPT596RNH_AFV77708_Suidae_2011.933333	P	0.257255937	0.403693931	0.339050132	0.306068602	0.288918206	0.220316623	0.155878468	0.081058301	0.112137203	0.179656539
BTC939DUX_AFU92410_Suidae_2011.883333	P	0.254617414	0.406332454	0.337730871	0.306068602	0.288918206	0.218997361	0.155878468	0.081168848	0.112137203	0.179656539
XXH750GIU_AJI76234_Suidae_2013.038889	P	0.255936675	0.403693931	0.335092348	0.303430079	0.288918206	0.215039578	0.155878468	0.080753216	0.112137203	0.173051519
ITU243IIV_AJI76254_Suidae_2013.036111	P	0.255936675	0.403693931	0.336411609	0.30474934	0.290237467	0.215039578	0.154557464	0.080677318	0.110817942	0.173051519
CNA434XSZ_AIE51960_Suidae_2012.633333	P	0.255936675	0.403693931	0.336411609	0.306068602	0.291556728	0.216358839	0.155878468	0.080791152	0.112137203	0.178335535
IBB309GCW_AIE51455_Suidae_2010.230556	P	0.255936675	0.403693931	0.336411609	0.30474934	0.290237467	0.218997361	0.151915456	0.081010485	0.109498681	0.174372523
KTQ361DUK_AEQ61420_Suidae_2010.916667	P	0.255936675	0.405013193	0.336411609	0.30474934	0.291556728	0.216358839	0.15323646	0.080636187	0.110817942	0.175693527
ZAH927VYY_AJI76164_Suidae_2011.852778	P	0.255936675	0.406332454	0.337730871	0.30474934	0.291556728	0.218997361	0.150594452	0.080876446	0.109498681	0.178335535
CHL772BKA_ADY71652_Suidae_2009.019444	P	0.255936675	0.40237467	0.336411609	0.30474934	0.287598945	0.2176781	0.155878468	0.081019577	0.112137203	0.180977543
LTX854YWP_AIE49234_Suidae_2010.602778	P	0.257255937	0.403693931	0.337730871	0.306068602	0.290237467	0.2176781	0.155878468	0.080999821	0.112137203	0.175693527
SMP442UDY_AIE50353_Suidae_2011.630556	P	0.254617414	0.405013193	0.335092348	0.303430079	0.292875989	0.2176781	0.155878468	0.081053273	0.112137203	0.177014531
RPM737IOT_AIE51527_Suidae_2010.747222	P	0.254617414	0.405013193	0.335092348	0.303430079	0.291556728	0.2176781	0.155878468	0.081016779	0.112137203	0.177014531
GAF924LMF_ADG08513_Suidae_2009.961111	P	0.255936675	0.403693931	0.335092348	0.303430079	0.291556728	0.2176781	0.155878468	0.080981071	0.112137203	0.177014531
YSM371BYZ_ADY71674_Suidae_2009.133333	P	0.255936675	0.403693931	0.336411609	0.303430079	0.288918206	0.2176781	0.154557464	0.080720664	0.110817942	0.175693527
CWR119YLY_ADY71685_Suidae_2009.133333	P	0.256274769	0.402906209	0.336856011	0.303830911	0.287978864	0.217965654	0.154761905	0.080846605	0.110964333	0.175925926
ZJE620DGH_AIE51006_Suidae_2012.011111	P	0.254953765	0.404227213	0.335535007	0.303830911	0.289299868	0.21664465	0.156084656	0.080602815	0.112285337	0.174603175
TJO801MNT_AJI76054_Suidae_2013.036111	P	0.255936675	0.403693931	0.337730871	0.306068602	0.288918206	0.2176781	0.155878468	0.08068588	0.112137203	0.178335535
DLJ157YUS_AIE51372_Suidae_2012.511111	P	0.258575198	0.401055409	0.336411609	0.30474934	0.291556728	0.213720317	0.155878468	0.080644038	0.112137203	0.174372523
YWM247DDT_AIE51396_Suidae_2012.511111	P	0.258575198	0.401055409	0.336411609	0.30474934	0.290237467	0.213720317	0.155878468	0.080623564	0.112137203	0.174372523
HGC301YDR_ACY06508_Suidae_2008	P	0.254617414	0.40237467	0.333773087	0.303430079	0.290237467	0.221635884	0.154557464	0.080962405	0.112137203	0.179656539
NNK432TDU_ACY06509_Suidae_2009	P	0.258575198	0.399736148	0.336411609	0.30474934	0.291556728	0.216358839	0.157199472	0.080523809	0.112137203	0.179656539
MBE410KUD_ACY06510_Suidae_2009	P	0.255936675	0.399736148	0.332453826	0.302110818	0.287598945	0.215039578	0.157199472	0.081225101	0.113456464	0.178335535
FJK275ODE_ACJ06674_Suidae_2007.872222	P	0.258575198	0.401055409	0.337730871	0.306068602	0.290237467	0.216358839	0.155878468	0.080933982	0.112137203	0.178335535
WTK886KUF_ADY71597_Suidae_2008.811111	P	0.258461538	0.395384615	0.330769231	0.296923077	0.292307692	0.212307692	0.158705701	0.080694195	0.112307692	0.178736518
CLP381CGY_ADK26594_Suidae_2006.833333	P	0.259894459	0.398416887	0.336411609	0.303430079	0.292875989	0.213720317	0.158520476	0.080542622	0.113456464	0.180977543
WKJ089MBT_AIE51431_Suidae_2010.194444	P	0.257255937	0.40237467	0.336411609	0.30474934	0.291556728	0.216358839	0.155878468	0.080953375	0.112137203	0.177014531
PVA064PYF_ADG08524_Suidae_2009.961111	P	0.254617414	0.405013193	0.335092348	0.30474934	0.294195251	0.216358839	0.155878468	0.081151277	0.112137203	0.173051519
QCG863XHG_AIT93160_Suidae_2014.008333	P	0.257255937	0.403693931	0.339050132	0.308707124	0.290237467	0.222955145	0.155878468	0.08067595	0.113456464	0.179656539
FFB524LSY_ACR84049_Suidae_2007.963889	P	0.255936675	0.403693931	0.336411609	0.306068602	0.291556728	0.2176781	0.155878468	0.081004319	0.112137203	0.175693527
SKE398HGS_AEH42759_Suidae_2009.080556	P	0.255936675	0.405013193	0.337730871	0.307387863	0.288918206	0.216358839	0.155878468	0.080802549	0.112137203	0.174372523
XET279VFI_AIE51467_Suidae_2010.288889	P	0.255936675	0.40237467	0.336411609	0.30474934	0.291556728	0.216358839	0.155878468	0.080757655	0.112137203	0.178335535
MTE949QSO_ADY71576_Suidae_2008.372222	P	0.251978892	0.406332454	0.335092348	0.303430079	0.291556728	0.2176781	0.155878468	0.080759771	0.112137203	0.178335535
FMQ567AET_ADV69004_Suidae_2005.666667	P	0.254617414	0.405013193	0.335092348	0.300791557	0.291556728	0.216358839	0.151915456	0.080714369	0.109498681	0.171730515
TUA511HQT_AIE49688_Suidae_2011.847222	P	0.254617414	0.401055409	0.332453826	0.302110818	0.290237467	0.211081794	0.158520476	0.080585145	0.113456464	0.173051519
WTR374LMJ_AIE49910_Suidae_2011.997222	P	0.255936675	0.401055409	0.333773087	0.303430079	0.291556728	0.209762533	0.158520476	0.080417168	0.113456464	0.171730515
RZO659VRB_AHZ65813_Suidae_2013.038889	P	0.253298153	0.40237467	0.332453826	0.300791557	0.290237467	0.211081794	0.155878468	0.080527806	0.112137203	0.174372523
GQY765LRH_AHM24285_Suidae_2013.180556	P	0.257255937	0.399736148	0.335092348	0.303430079	0.288918206	0.211081794	0.155878468	0.080689767	0.112137203	0.173051519
KTY912WKB_AIE48735_Suidae_2011.736111	P	0.253298153	0.403693931	0.332453826	0.299472296	0.290237467	0.212401055	0.154557464	0.080603061	0.110817942	0.171730515
BXU057RXP_AIE48493_Suidae_2010.594444	P	0.254617414	0.40237467	0.333773087	0.302110818	0.290237467	0.211081794	0.155878468	0.080506874	0.112137203	0.171730515
NXB749LLA_AIE48505_Suidae_2010.594444	P	0.254617414	0.401055409	0.332453826	0.302110818	0.290237467	0.209762533	0.158520476	0.080584517	0.113456464	0.171730515
WRP226JQE_AIE48553_Suidae_2010.594444	P	0.254617414	0.403693931	0.333773087	0.302110818	0.290237467	0.209762533	0.155878468	0.080694669	0.112137203	0.171730515
HHT070NYD_AIE49258_Suidae_2010.869444	P	0.254617414	0.40237467	0.333773087	0.302110818	0.290237467	0.211081794	0.155878468	0.08055016	0.110817942	0.171730515
YHX730BSH_ADG08458_Suidae_2009.844444	P	0.255936675	0.401055409	0.335092348	0.303430079	0.287598945	0.212401055	0.155878468	0.080576654	0.112137203	0.173051519
ICZ109OCF_ADY71762_Suidae_2009.216667	P	0.257255937	0.401055409	0.336411609	0.303430079	0.288918206	0.213720317	0.155878468	0.080650369	0.112137203	0.173051519
LBF457WBF_ADY71751_Suidae_2009.133333	P	0.254617414	0.401055409	0.333773087	0.303430079	0.290237467	0.211081794	0.158520476	0.080527603	0.113456464	0.171730515
PDH563ZDJ_AIE51479_Suidae_2010.288889	P	0.255936675	0.401055409	0.335092348	0.302110818	0.290237467	0.211081794	0.15323646	0.080403163	0.110817942	0.173051519
SQK333YXK_ADY71522_Suidae_2007.022222	P	0.254617414	0.40237467	0.335092348	0.303430079	0.288918206	0.215039578	0.155878468	0.080900632	0.112137203	0.174372523
YZT649NJR_AEK86170_Suidae_2010.408333	P	0.254617414	0.401055409	0.336411609	0.30474934	0.287598945	0.2176781	0.154557464	0.081593638	0.112137203	0.179656539
RAO112DPA_AVK43477_Suidae_2012.086111	P	0.251978892	0.406332454	0.335092348	0.302110818	0.288918206	0.220316623	0.155878468	0.081152867	0.112137203	0.182298547
EMR151UWK_AEK86179_Suidae_2010.155556	P	0.255936675	0.399736148	0.333773087	0.30474934	0.291556728	0.212401055	0.158520476	0.081023878	0.114775726	0.169088507
TGH706VZJ_AUI11423_Suidae_2001	P	0.253298153	0.405013193	0.336411609	0.306068602	0.288918206	0.220316623	0.155878468	0.081326298	0.112137203	0.180977543
INL254QLR_AFR76512_Suidae_2004	P	0.253632761	0.404227213	0.334214003	0.303830911	0.287978864	0.217965654	0.156084656	0.081106298	0.112285337	0.178571429
TPK816RQH_AGK24184_Suidae_2010.441667	P	0.254716981	0.405660377	0.335579515	0.301886792	0.296495957	0.215633423	0.156545209	0.080931857	0.110512129	0.175438596
RNR174SNE_AGK24204_Suidae_2010.441667	P	0.253691275	0.408053691	0.33557047	0.302013423	0.297986577	0.216107383	0.155913978	0.081043651	0.110067114	0.174731183
HGD071CWD_AGK24314_Suidae_2010.441667	P	0.2578019	0.407055631	0.336499322	0.301221167	0.295793758	0.210312076	0.157608696	0.080603897	0.10990502	0.169836957
VBD865ZWN_AGG53084_Suidae_2010.608333	P	0.256	0.406666667	0.338666667	0.305333333	0.292	0.214666667	0.154873164	0.080195317	0.110666667	0.170894526
HSO118CDP_AGG53095_Suidae_2010.608333	P	0.253652058	0.406374502	0.335989376	0.304116866	0.290836653	0.213811421	0.154255319	0.080448494	0.110225764	0.170212766
GNW070MSH_AHI97689_Suidae_2012.063889	P	0.251978892	0.405013193	0.333773087	0.302110818	0.290237467	0.213720317	0.154557464	0.080674875	0.112137203	0.170409511
TNO124CMG_AGK24424_Suidae_2009.038889	P	0.253298153	0.401055409	0.332453826	0.303430079	0.288918206	0.215039578	0.15984148	0.080758355	0.114775726	0.174372523
VZV585TTK_ADG01923_Suidae_2009.916667	P	0.25802139	0.403743316	0.340909091	0.310160428	0.294117647	0.217914439	0.156626506	0.080599636	0.110962567	0.175368139
JUC704DRE_ADG01934_Suidae_2010	P	0.257333333	0.402666667	0.34	0.309333333	0.293333333	0.217333333	0.156208278	0.080671974	0.110666667	0.174899866
GST552FYS_AHI97700_Suidae_2012.116667	P	0.251978892	0.405013193	0.333773087	0.30474934	0.292875989	0.216358839	0.158520476	0.080579415	0.113456464	0.179656539
JUT619ENF_BAH02097_Suidae_2003	P	0.254617414	0.40237467	0.335092348	0.306068602	0.291556728	0.2176781	0.157199472	0.080990056	0.112137203	0.179656539
NHY606PXK_AKJ81067_Suidae_2012	P	0.255936675	0.40237467	0.336411609	0.310026385	0.292875989	0.213720317	0.154557464	0.080644252	0.113456464	0.175693527
BYL503EDT_BAH02047_Suidae_2004	P	0.257255937	0.401055409	0.336411609	0.307387863	0.294195251	0.218997361	0.154557464	0.081479831	0.112137203	0.175693527
RMW904PYL_ADY80145_Suidae_2009.833333	P	0.259358289	0.401069519	0.339572193	0.310160428	0.29144385	0.219251337	0.155287818	0.080957486	0.110962567	0.176706827
MHE672UOO_BAI83391_Suidae_2008	P	0.255936675	0.401055409	0.333773087	0.30474934	0.287598945	0.218997361	0.154557464	0.081251757	0.112137203	0.174372523
BTN683BLI_BAL70423_Suidae_2009.833333	P	0.257255937	0.399736148	0.335092348	0.307387863	0.288918206	0.218997361	0.155878468	0.081358855	0.113456464	0.177014531
DQZ368BPN_BAH02077_Suidae_2005	P	0.257255937	0.399736148	0.335092348	0.308707124	0.290237467	0.2176781	0.155878468	0.081221288	0.114775726	0.174372523
POD410QNE_BAH02087_Suidae_2005	P	0.254617414	0.403693931	0.336411609	0.306068602	0.291556728	0.218997361	0.157199472	0.081058057	0.113456464	0.182298547
LKT766QZF_ALX29264_Suidae_2012	P	0.257065949	0.402422611	0.33781965	0.309555855	0.294751009	0.211305518	0.157681941	0.080560303	0.113055182	0.173854447
XHV722CJE_ALX30328_Suidae_2015	P	0.253298153	0.40237467	0.332453826	0.30474934	0.292875989	0.213720317	0.157199472	0.081093736	0.113456464	0.177014531
LNP059RGS_AGT37097_Suidae_2012.138889	P	0.254617414	0.401055409	0.331134565	0.30474934	0.291556728	0.213720317	0.157199472	0.080875229	0.114775726	0.178335535
OCU911HDP_AKJ81032_Suidae_2012	P	0.254617414	0.40237467	0.332453826	0.306068602	0.290237467	0.212401055	0.158520476	0.080960227	0.113456464	0.178335535
PUI379QZQ_ACU82392_Suidae_2009.152778	P	0.255936675	0.40237467	0.335092348	0.308707124	0.295514512	0.213720317	0.157199472	0.081150084	0.114775726	0.179656539
HFJ738UAI_ADJ80230_Suidae_2010.069444	P	0.253298153	0.399736148	0.331134565	0.306068602	0.294195251	0.208443272	0.157199472	0.081079981	0.114775726	0.177014531
WFT560ONB_AKJ81008_Suidae_2012	P	0.254617414	0.401055409	0.332453826	0.306068602	0.294195251	0.213720317	0.157199472	0.081559271	0.114775726	0.179656539
QYY015FCQ_ASB34014_Suidae_2014.666667	P	0.250659631	0.406332454	0.335092348	0.306068602	0.290237467	0.222955145	0.157199472	0.081872251	0.113456464	0.184940555
QXV808IOA_ACR84041_Suidae_2001.272222	P	0.256341789	0.404539386	0.337783712	0.308411215	0.297730307	0.213618158	0.157754011	0.080717756	0.112149533	0.172459893
ZZV188BAR_AEN68605_Suidae_2003.75	P	0.251978892	0.405013193	0.333773087	0.303430079	0.284960422	0.215039578	0.154557464	0.080590409	0.112137203	0.178335535
OSH225CQT_AFU83142_Suidae_2008.983333	P	0.253298153	0.406332454	0.336411609	0.30474934	0.290237467	0.221635884	0.154557464	0.081506994	0.112137203	0.183619551
SDT934KJW_AKJ81380_Suidae_2008.938889	P	0.254617414	0.405013193	0.337730871	0.306068602	0.290237467	0.220316623	0.154557464	0.081214355	0.112137203	0.182298547
QSL254ZHX_AKJ81880_Suidae_2011.897222	P	0.251978892	0.405013193	0.335092348	0.30474934	0.291556728	0.2176781	0.154557464	0.081126294	0.112137203	0.179656539
KSD049DMK_AFR76223_Suidae_2005.269444	P	0.253298153	0.405013193	0.335092348	0.30474934	0.292875989	0.215039578	0.154557464	0.080769226	0.112137203	0.180977543
NDS917CRB_AKJ82425_Suidae_2013.638889	P	0.253298153	0.406332454	0.337730871	0.308707124	0.291556728	0.2176781	0.154557464	0.081154507	0.112137203	0.180977543
DDA452HHS_AFR76169_Suidae_2009.272222	P	0.254617414	0.403693931	0.337730871	0.308707124	0.290237467	0.216358839	0.157199472	0.081082368	0.113456464	0.182298547
HCO230EDE_AKJ81788_Suidae_2003.416667	P	0.254617414	0.40237467	0.335092348	0.306068602	0.292875989	0.215039578	0.157199472	0.080910522	0.113456464	0.179656539
OXY250ZCP_AFR75963_Suidae_2005.755556	P	0.253632761	0.404227213	0.335535007	0.306472919	0.291941876	0.217965654	0.157407407	0.081452305	0.112285337	0.181216931
GYH479CYW_AFR76308_Suidae_2006.344444	P	0.253298153	0.405013193	0.335092348	0.307387863	0.292875989	0.2176781	0.157199472	0.081153315	0.113456464	0.180977543
PMV230QPD_AFR75910_Suidae_2002.925	P	0.253298153	0.405013193	0.335092348	0.306068602	0.291556728	0.218997361	0.157199472	0.081192155	0.113456464	0.179656539
RWW931OEE_AFR76403_Suidae_1998.883333	P	0.258575198	0.399736148	0.336411609	0.307387863	0.290237467	0.216358839	0.155878468	0.080990583	0.112137203	0.178335535
KLS734QUR_AFR76045_Suidae_2000.211111	P	0.256613757	0.400793651	0.334656085	0.306878307	0.28968254	0.214285714	0.157615894	0.080502457	0.115079365	0.18410596
XHO180SHJ_AKJ81800_Suidae_2004.833333	P	0.254617414	0.403693931	0.335092348	0.310026385	0.290237467	0.2176781	0.157199472	0.081721101	0.113456464	0.179656539
AVU633OUB_AFR76245_Suidae_1996.522222	P	0.254617414	0.405013193	0.335092348	0.30474934	0.292875989	0.215039578	0.155878468	0.081117837	0.112137203	0.182298547
ASK530QSX_AFR75974_Suidae_2004.686111	P	0.255936675	0.403693931	0.337730871	0.307387863	0.290237467	0.2176781	0.15984148	0.081065311	0.114775726	0.179656539
MEW810MIX_AFR76318_Suidae_2006.363889	P	0.258916777	0.401585205	0.339498018	0.309114927	0.287978864	0.21664465	0.16005291	0.08102169	0.114927345	0.181216931
UYA903TUI_AFR76267_Suidae_1994.1	P	0.256274769	0.401585205	0.332892999	0.303830911	0.295904888	0.214002642	0.157407407	0.080793194	0.113606341	0.174603175
BFE723FRT_ACO25054_Suidae_1998	P	0.252311757	0.404227213	0.332892999	0.302509908	0.28665786	0.217965654	0.156084656	0.080951111	0.112285337	0.178571429
AMV420MTN_ABD78114_Suidae_2003	P	0.244063325	0.41292876	0.332453826	0.30474934	0.294195251	0.2176781	0.157199472	0.081454952	0.114775726	0.175693527
BYB527XCU_ABS53350_Suidae_2005.933333	P	0.245382586	0.410290237	0.332453826	0.303430079	0.291556728	0.213720317	0.158520476	0.080552699	0.113456464	0.180977543
DUJ814IFK_ACR39218_Suidae_2004.652778	P	0.245382586	0.41292876	0.333773087	0.303430079	0.287598945	0.221635884	0.158520476	0.081475762	0.113456464	0.180977543
MLO782XIN_ALX29990_Suidae_2014	P	0.246701847	0.410290237	0.332453826	0.303430079	0.290237467	0.218997361	0.15984148	0.081621733	0.113456464	0.178335535
ZGZ875GHR_ALX30364_Suidae_2015	P	0.248021108	0.408970976	0.333773087	0.30474934	0.290237467	0.220316623	0.157199472	0.081574743	0.112137203	0.179656539
WSL105EGM_AKJ80799_Suidae_2011.775	P	0.249340369	0.408970976	0.336411609	0.308707124	0.286279683	0.218997361	0.158520476	0.081063218	0.114775726	0.177014531
ZUX768KAR_AKJ80859_Suidae_2011.086111	P	0.245382586	0.414248021	0.331134565	0.303430079	0.291556728	0.2176781	0.15984148	0.081837035	0.116094987	0.171730515
VAH231UFY_AKJ82402_Suidae_2012.508333	P	0.246701847	0.410290237	0.332453826	0.306068602	0.291556728	0.2176781	0.15984148	0.081439572	0.116094987	0.174372523
JVD945HEX_APF46301_Hominidae_2016.75	H	0.24668435	0.411140584	0.332891247	0.302387268	0.290450928	0.220159151	0.15936255	0.081825547	0.112732095	0.177954847
RYR757OOT_APT36494_Suidae_2015.780556	P	0.246701847	0.410290237	0.332453826	0.302110818	0.287598945	0.220316623	0.157199472	0.081336414	0.113456464	0.180977543
MLL895LYF_AKJ82978_Suidae_2013.2	P	0.249340369	0.407651715	0.332453826	0.303430079	0.290237467	0.2176781	0.157199472	0.081292613	0.113456464	0.177014531
WMZ943MWB_AKJ82966_Suidae_2012.8	P	0.248021108	0.408970976	0.332453826	0.302110818	0.288918206	0.220316623	0.157199472	0.081484287	0.113456464	0.179656539
KNY111ANZ_AKJ82954_Suidae_2012.316667	P	0.247340426	0.408244681	0.331117021	0.300531915	0.289893617	0.216755319	0.155792277	0.081407445	0.113031915	0.174434088
ZEN986OBH_ALX29530_Suidae_2013	P	0.246701847	0.410290237	0.332453826	0.303430079	0.290237467	0.220316623	0.157199472	0.081537393	0.113456464	0.178335535
NAL835EJM_ALX29836_Suidae_2014	P	0.246701847	0.410290237	0.332453826	0.303430079	0.290237467	0.218997361	0.157199472	0.081395424	0.113456464	0.175693527
BSQ818DVV_AKJ82706_Suidae_2011.583333	P	0.246701847	0.410290237	0.332453826	0.303430079	0.290237467	0.2176781	0.157199472	0.081089067	0.113456464	0.177014531
QKY076XMM_ALX29333_Suidae_2012	P	0.246701847	0.411609499	0.332453826	0.303430079	0.292875989	0.218997361	0.154557464	0.081554861	0.112137203	0.178335535
LHW640KLZ_AKJ81598_Suidae_2010.013889	P	0.246701847	0.410290237	0.332453826	0.303430079	0.288918206	0.215039578	0.157199472	0.081033123	0.113456464	0.170409511
XRA395KNK_AKJ81741_Suidae_2011.819444	P	0.246701847	0.408970976	0.331134565	0.302110818	0.290237467	0.216358839	0.157199472	0.081354159	0.113456464	0.175693527
QVH701XTU_AKJ80635_Suidae_2011.188889	P	0.248021108	0.407651715	0.331134565	0.302110818	0.290237467	0.213720317	0.157199472	0.080812422	0.113456464	0.173051519
NCI810BKD_AKJ81103_Suidae_2011.280556	P	0.249340369	0.407651715	0.333773087	0.303430079	0.290237467	0.216358839	0.154557464	0.081178686	0.112137203	0.174372523
RUT739GSE_AKJ82141_Suidae_2012.8	P	0.246701847	0.411609499	0.333773087	0.306068602	0.290237467	0.220316623	0.157199472	0.08152292	0.113456464	0.174372523
WYA131XRA_AFV33867_Suidae_2011.5	P	0.250332889	0.41011984	0.334221039	0.304926764	0.292942743	0.217043941	0.16	0.081110632	0.113182423	0.174666667
YZP482CSN_AKJ81127_Suidae_2011.5	P	0.246701847	0.410290237	0.331134565	0.302110818	0.290237467	0.218997361	0.15984148	0.081600546	0.114775726	0.173051519
TQE732IGH_ANQ69365_Suidae_2007.361111	P	0.248021108	0.408970976	0.331134565	0.303430079	0.288918206	0.216358839	0.15984148	0.081112108	0.114775726	0.182298547
LRO807EHQ_AKJ82129_Suidae_2012.797222	P	0.249340369	0.408970976	0.332453826	0.300791557	0.288918206	0.220316623	0.158520476	0.081483366	0.112137203	0.173051519
VPT370CAF_AKJ82182_Suidae_2013.166667	P	0.249340369	0.408970976	0.335092348	0.306068602	0.287598945	0.220316623	0.15984148	0.081375607	0.114775726	0.177014531
WIG382VFA_AKJ82368_Suidae_2013.058333	P	0.249340369	0.407651715	0.333773087	0.30474934	0.288918206	0.216358839	0.15984148	0.081017902	0.114775726	0.182298547
JMD091LZP_AKJ80364_Suidae_2010.369444	P	0.254929577	0.405633803	0.335211268	0.307042254	0.288732394	0.218309859	0.152327221	0.082596012	0.112676056	0.179125529
SUW585VTQ_ALX29966_Suidae_2014	P	0.244063325	0.411609499	0.329815303	0.302110818	0.287598945	0.218997361	0.15984148	0.08169458	0.114775726	0.177014531
KJR508SKN_ALX30083_Suidae_2014	P	0.245706737	0.409511229	0.332892999	0.305151915	0.284015852	0.220607662	0.16005291	0.081756086	0.114927345	0.17989418
YQE072JVC_ALX30422_Suidae_2015	P	0.245382586	0.410290237	0.332453826	0.30474934	0.286279683	0.216358839	0.15984148	0.081145788	0.114775726	0.179656539
JJQ579WUO_ALX29883_Suidae_2014	P	0.242744063	0.410290237	0.329815303	0.302110818	0.287598945	0.218997361	0.15984148	0.081668213	0.114775726	0.175693527
AOW546YFQ_AGL96928_Suidae_2012.833333	P	0.249666222	0.40987984	0.336448598	0.307076101	0.285714286	0.218958611	0.159090909	0.080871468	0.112149533	0.177807487
KHZ222ZWP_AGM16046_Suidae_2012.583333	P	0.246701847	0.408970976	0.332453826	0.30474934	0.283641161	0.220316623	0.15984148	0.081399825	0.114775726	0.178335535
ODV606SWM_ALX30166_Suidae_2015	P	0.245382586	0.410290237	0.332453826	0.303430079	0.284960422	0.221635884	0.15984148	0.081630275	0.114775726	0.180977543
RVE047XMR_AKJ81662_Suidae_2013.083333	P	0.244063325	0.410290237	0.331134565	0.30474934	0.284960422	0.220316623	0.15984148	0.081556309	0.114775726	0.178335535
EJO234FUW_ALX29978_Suidae_2014	P	0.245382586	0.408970976	0.331134565	0.303430079	0.284960422	0.220316623	0.15984148	0.081602379	0.114775726	0.177014531
LLA096BBH_ALX29460_Suidae_2013	P	0.244385733	0.409511229	0.330250991	0.302509908	0.285336856	0.217965654	0.16005291	0.081098621	0.114927345	0.17989418
TZG328RZY_ALX29660_Suidae_2014	P	0.245706737	0.410832232	0.331571995	0.303830911	0.284015852	0.217965654	0.16005291	0.080918265	0.114927345	0.17989418
VUT052QBZ_ALX29299_Suidae_2012	P	0.245382586	0.410290237	0.332453826	0.30474934	0.284960422	0.220316623	0.15984148	0.081501543	0.114775726	0.178335535
KFF895CPV_ALX29472_Suidae_2013	P	0.245382586	0.41292876	0.333773087	0.306068602	0.286279683	0.224274406	0.15984148	0.081872657	0.114775726	0.180977543
QQM879HBH_ALX30058_Suidae_2014	P	0.246701847	0.408970976	0.331134565	0.303430079	0.287598945	0.216358839	0.15984148	0.081395034	0.114775726	0.173051519
PGQ709JYF_ALX30212_Suidae_2015	P	0.246701847	0.408970976	0.329815303	0.303430079	0.288918206	0.215039578	0.15984148	0.081412698	0.114775726	0.171730515
YMJ223CSM_ALX29426_Suidae_2013	P	0.245382586	0.410290237	0.332453826	0.30474934	0.287598945	0.2176781	0.15984148	0.081428272	0.114775726	0.175693527
KTG756LJU_ALX29554_Suidae_2013	P	0.245382586	0.410290237	0.331134565	0.303430079	0.286279683	0.2176781	0.15984148	0.081531393	0.114775726	0.175693527
EIO403KXC_ALX29720_Suidae_2014	P	0.246701847	0.408970976	0.332453826	0.306068602	0.286279683	0.2176781	0.15984148	0.081397709	0.114775726	0.175693527
JKW021RZK_ALX29378_Suidae_2013	P	0.246701847	0.408970976	0.332453826	0.30474934	0.287598945	0.2176781	0.15984148	0.08138269	0.114775726	0.175693527
BXL327TTN_ALX29601_Suidae_2013	P	0.248021108	0.407651715	0.333773087	0.306068602	0.287598945	0.2176781	0.15984148	0.081437192	0.114775726	0.177014531
RIC924LWY_APT36451_Hominidae_2016.75	H	0.248021108	0.407651715	0.333773087	0.306068602	0.287598945	0.2176781	0.15984148	0.081424337	0.114775726	0.175693527
WDA597YZE_ALX29812_Suidae_2014	P	0.246701847	0.408970976	0.331134565	0.303430079	0.287598945	0.216358839	0.15984148	0.081483802	0.114775726	0.175693527
IBA804CZK_ALX30071_Suidae_2014	P	0.246701847	0.408970976	0.332453826	0.30474934	0.286279683	0.2176781	0.15984148	0.081443394	0.114775726	0.175693527
SAU635WIZ_ALX30294_Suidae_2015	P	0.248021108	0.408970976	0.333773087	0.306068602	0.286279683	0.220316623	0.15984148	0.081507489	0.114775726	0.178335535
DON031VME_ALX30023_Suidae_2014	P	0.245382586	0.410290237	0.331134565	0.303430079	0.284960422	0.220316623	0.15984148	0.081692801	0.114775726	0.177014531
RKJ755WWV_ASB34026_Suidae_2015.083333	P	0.249340369	0.406332454	0.333773087	0.307387863	0.286279683	0.216358839	0.15984148	0.08128093	0.114775726	0.182298547
LYW085QUV_AKJ81184_Suidae_2011.497222	P	0.246995995	0.40987984	0.332443258	0.305740988	0.287049399	0.220293725	0.160427807	0.081426844	0.116154873	0.177807487
KPR085WRS_AKJ80659_Suidae_2010.980556	P	0.242744063	0.410290237	0.331134565	0.30474934	0.290237467	0.218997361	0.157199472	0.082076664	0.114775726	0.177014531
OWR884YBF_AKJ81254_Suidae_2011.413889	P	0.248021108	0.407651715	0.332453826	0.30474934	0.288918206	0.218997361	0.15984148	0.081392354	0.114775726	0.174372523
EQS541BLU_AFV33878_Suidae_2011.416667	P	0.247326203	0.410427807	0.334224599	0.306149733	0.29144385	0.217914439	0.157965194	0.081016866	0.110962567	0.180722892
HKL667CLL_AKJ82356_Suidae_2012.755556	P	0.248021108	0.407651715	0.332453826	0.30474934	0.290237467	0.218997361	0.157199472	0.081792751	0.114775726	0.180977543
CTV521OOA_AKJ80775_Suidae_2011.894444	P	0.251978892	0.406332454	0.333773087	0.302110818	0.287598945	0.216358839	0.158520476	0.08072555	0.112137203	0.175693527
KWS959QAW_AKJ82069_Suidae_2012.925	P	0.251978892	0.405013193	0.332453826	0.300791557	0.288918206	0.215039578	0.158520476	0.080779814	0.112137203	0.175693527
LSD975KOA_AIC64744_Suidae_2012.166667	P	0.251978892	0.406332454	0.333773087	0.302110818	0.287598945	0.216358839	0.158520476	0.080736109	0.112137203	0.178335535
VJJ745RSL_AIC64732_Suidae_2012	P	0.254617414	0.405013193	0.335092348	0.302110818	0.287598945	0.216358839	0.155878468	0.08082501	0.110817942	0.175693527
GRA608IHB_AKJ82093_Suidae_2012.425	P	0.250659631	0.408970976	0.335092348	0.303430079	0.288918206	0.218997361	0.15984148	0.080816912	0.112137203	0.179656539
FZR814LUV_ALX29542_Suidae_2013	P	0.255936675	0.40237467	0.335092348	0.303430079	0.288918206	0.215039578	0.158520476	0.080981883	0.112137203	0.178335535
LQA156XGG_AKJ82836_Suidae_2010.922222	P	0.249340369	0.408970976	0.335092348	0.303430079	0.286279683	0.220316623	0.157199472	0.081233614	0.112137203	0.179656539
AWH012UKX_AKJ82610_Suidae_2010.358333	P	0.249340369	0.408970976	0.333773087	0.302110818	0.288918206	0.218997361	0.158520476	0.081079526	0.112137203	0.178335535
HCG779SGF_AFV33801_Suidae_2010.25	P	0.252673797	0.411764706	0.340909091	0.308823529	0.292780749	0.217914439	0.159303882	0.080664274	0.110962567	0.175368139
CND028LYK_AFV33779_Suidae_2010.166667	P	0.251001335	0.411214953	0.339118825	0.307076101	0.29105474	0.217623498	0.159090909	0.080728891	0.110814419	0.17513369
OJJ107OZA_AKJ82634_Suidae_2011.186111	P	0.252311757	0.406869221	0.334214003	0.302509908	0.287978864	0.215323646	0.158730159	0.081157809	0.112285337	0.177248677
OED384NWY_AKJ82918_Suidae_2011.780556	P	0.250659631	0.407651715	0.333773087	0.302110818	0.287598945	0.215039578	0.158520476	0.080665997	0.112137203	0.175693527
NQM703PMQ_ACN72630_Suidae_2007.583333	P	0.24933687	0.408488064	0.334217507	0.302387268	0.287798408	0.218832891	0.15936255	0.081131396	0.112732095	0.179282869
ICS392SKQ_AKJ82586_Suidae_2010.327778	P	0.245382586	0.411609499	0.331134565	0.299472296	0.290237467	0.216358839	0.155878468	0.080769445	0.110817942	0.178335535
OYJ444BVN_AFR76790_Suidae_2007	P	0.246701847	0.410290237	0.332453826	0.302110818	0.287598945	0.2176781	0.158520476	0.081004128	0.113456464	0.175693527
SIR335ETJ_AKJ81115_Suidae_2011.469444	P	0.248021108	0.408970976	0.335092348	0.30474934	0.288918206	0.218997361	0.158520476	0.081403981	0.113456464	0.177014531
DSW966TKP_AKJ83024_Suidae_2012.302778	P	0.248021108	0.408970976	0.332453826	0.303430079	0.286279683	0.2176781	0.158520476	0.081186225	0.113456464	0.178335535
JDB962KQA_CCG47911_Suidae_2007	P	0.248021108	0.408970976	0.332453826	0.302110818	0.286279683	0.2176781	0.158520476	0.080999033	0.113456464	0.175693527
BEJ092EGM_AKJ82788_Suidae_2012.088889	P	0.246701847	0.410290237	0.332453826	0.306068602	0.287598945	0.218997361	0.15984148	0.081416089	0.114775726	0.178335535
NRO384BYK_AFV68508_Suidae_2009.5	P	0.252010724	0.410187668	0.337801609	0.305630027	0.292225201	0.214477212	0.159731544	0.080811729	0.111260054	0.175838926
EHA553BHI_ATE48440_Suidae_2016.969444	P	0.244063325	0.414248021	0.331134565	0.30474934	0.290237467	0.216358839	0.157199472	0.081170047	0.113456464	0.174372523
RPK061QNC_AFV33812_Suidae_2008.416667	P	0.250666667	0.409333333	0.334666667	0.306666667	0.293333333	0.214666667	0.158878505	0.080831607	0.112	0.173564753
ISW894GSA_AKJ81055_Suidae_2012	P	0.249340369	0.407651715	0.332453826	0.303430079	0.291556728	0.2176781	0.15984148	0.081478051	0.114775726	0.177014531
EDP978BGD_AKJ82742_Suidae_2011	P	0.248021108	0.408970976	0.332453826	0.30474934	0.288918206	0.212401055	0.15984148	0.080813766	0.116094987	0.177014531
HAM209DXU_AYA22634_Suidae_2006.666667	P	0.244063325	0.41292876	0.331134565	0.302110818	0.290237467	0.218997361	0.15984148	0.081434743	0.114775726	0.173051519
QHK612VFI_APT36529_Suidae_2016.072222	P	0.246701847	0.407651715	0.332453826	0.306068602	0.288918206	0.215039578	0.158520476	0.081376107	0.114775726	0.175693527
ICE925GLL_APT36622_Suidae_2016.380556	P	0.245382586	0.410290237	0.333773087	0.306068602	0.286279683	0.218997361	0.158520476	0.081322839	0.113456464	0.180977543
LQS246DZV_AKJ82252_Suidae_2012.602778	P	0.245382586	0.411609499	0.332453826	0.30474934	0.288918206	0.215039578	0.15984148	0.080945537	0.114775726	0.171730515
NZW425ZOA_AKJ80553_Suidae_2011.452778	P	0.246701847	0.411609499	0.333773087	0.306068602	0.291556728	0.213720317	0.161162483	0.080428802	0.114775726	0.167767503
OTG906UQP_AKJ81277_Suidae_2011.455556	P	0.246701847	0.410290237	0.333773087	0.306068602	0.290237467	0.215039578	0.15984148	0.08063563	0.114775726	0.169088507
CMG133EXH_APT36541_Suidae_2016.075	P	0.249340369	0.407651715	0.335092348	0.308707124	0.290237467	0.216358839	0.15984148	0.081542445	0.116094987	0.166446499
SUJ675ENB_AKJ81230_Suidae_2011.397222	P	0.246701847	0.411609499	0.335092348	0.306068602	0.288918206	0.215039578	0.15984148	0.080496495	0.114775726	0.171730515
QTB179BKG_AKJ82264_Suidae_2012.522222	P	0.244063325	0.411609499	0.329815303	0.302110818	0.290237467	0.215039578	0.162483487	0.080803084	0.116094987	0.174372523
ZQK435AFU_APT36611_Suidae_2016.336111	P	0.245382586	0.408970976	0.332453826	0.303430079	0.287598945	0.218997361	0.158520476	0.081656369	0.114775726	0.175693527
ELD235QSY_AER40319_Hominidae_2011.266667	H	0.247978437	0.409703504	0.332884097	0.303234501	0.293800539	0.21967655	0.160593792	0.081257476	0.114555256	0.174089069
RER830JIQ_ADU25485_Hominidae_2010.808333	H	0.244063325	0.410290237	0.328496042	0.300791557	0.290237467	0.220316623	0.15984148	0.081453229	0.116094987	0.174372523
SWQ956AWX_AFC35415_Phyllostomidae_2009.333333	B	0.258234519	0.397891963	0.334650856	0.293807642	0.285902503	0.194993412	0.150395778	0.078175669	0.110671937	0.175461741
QRK481DPV_AGX84931_Phyllostomidae_2010	B	0.243741765	0.405797101	0.326745718	0.292490119	0.283267457	0.193675889	0.15171504	0.077486882	0.109354414	0.170184697