BSN409TCC_AUO32071_Suidae_2017.661111	P	16.5122485	15.76169175	21.015589	27.77059976	99.59839357	13.5100215	22.48995984	5.253897251	78.31325301	26.5060241
BXY398VXF_AUO32141_Suidae_2017.602778	P	16.51391598	15.76328343	21.76834379	27.77340414	99.59839357	13.5113858	22.48995984	5.25442781	78.31325301	26.5060241
CMU438LUB_AUO32031_Suidae_2017.658333	P	16.50895068	15.75854383	21.76179863	27.76505342	99.59839357	13.50732329	22.28915663	5.252847944	78.71485944	26.5060241
YWA378KBL_AUO32091_Suidae_2017.641667	P	16.52694054	15.77571597	21.78551253	27.79530908	99.59839357	13.52204226	22.28915663	5.258571989	78.31325301	26.90763052
SEJ526UUK_AUO32131_Suidae_2017.619444	P	16.51835284	15.76751862	21.77419239	27.78086615	99.59839357	13.51501596	22.28915663	5.255839541	78.31325301	26.90763052
KTP672HIC_ADZ05668_Suidae_2006.986111	P	16.52669742	15.7754839	22.53640557	27.04368669	99.59839357	14.27305686	22.48995984	6.009708152	77.71084337	26.30522088
WOM100IDF_AHB23221_Suidae_2004.616667	P	14.22829264	11.98172012	18.72143768	20.9680102	100	8.986290086	19.6125908	5.24200255	77.23970944	27.84503632
YPL515QAV_ANK57608_Suidae_2014.172222	P	17.28528568	15.78221736	21.79449064	27.80676392	99.59839357	13.52761488	22.28915663	5.26073912	78.31325301	26.90763052
FZF711IJN_ADV58866_Avian_2008.355556	A	17.29417549	15.79033414	21.80569953	27.82106491	99.59839357	12.78265145	22.48995984	5.263444714	78.31325301	26.5060241
SDT551VBS_AEA29260_Suidae_2009.344444	P	18.04884612	15.79274036	21.8090224	27.82530444	99.59839357	13.53663459	22.48995984	5.264246786	78.31325301	26.5060241
LOX265NQD_ADV58865_Avian_2005.402778	A	18.05405863	15.7973013	21.81532084	27.83334039	99.59839357	13.54054397	22.48995984	5.2657671	78.31325301	26.5060241
KHB145GCH_ADV58867_Suidae_2009.391667	P	15.74368513	15.74368513	20.24188088	27.73887381	99.59839357	13.49458726	22.28915663	4.498195752	78.71485944	26.5060241
MXQ621ETX_AEA29269_Suidae_2009.425	P	18.06594448	15.80770142	20.32418754	27.85166441	99.59839357	13.54945836	22.48995984	5.269233807	78.31325301	26.5060241
OJU505MQT_ADV58871_Suidae_2009.372222	P	18.02982974	15.77610102	23.28853008	27.0447446	99.59839357	13.5223723	22.48995984	5.25870034	77.71084337	26.5060241
CDL944HGH_AEN68505_Suidae_2010.916667	P	15.75136722	15.75136722	21.75188807	27.75240892	99.59839357	12.7511068	22.48995984	5.250455741	76.90763052	26.5060241
HIX036PMN_ANZ03699_Suidae_2014.347222	P	15.75136722	15.75136722	21.75188807	27.75240892	99.59839357	12.7511068	22.48995984	5.250455741	76.90763052	26.5060241
NTD137VLD_ANZ03685_Suidae_2011.191667	P	15.75136722	15.75136722	21.75188807	27.75240892	99.59839357	12.7511068	22.48995984	5.250455741	76.90763052	26.5060241
WSC040KZI_AHL21285_Suidae_2012.033333	P	15.76190727	15.76190727	21.76644337	27.77097947	99.59839357	12.75963922	22.48995984	5.253969089	77.71084337	26.5060241
YXF901ODX_ADZ96200_Suidae_2010.975	P	15.75298836	15.75298836	21.75412679	27.75526521	99.59839357	12.75241915	22.48995984	5.250996121	77.71084337	26.5060241
WNO030EGO_ANZ03686_Suidae_2011.191667	P	15.75611026	15.75611026	21.00814702	27.7607657	99.59839357	12.7549464	22.48995984	5.252036755	77.71084337	26.5060241
KGF597KQB_ANZ03687_Suidae_2011.188889	P	15.00119981	15.7512598	21.75173973	27.75221965	99.59839357	12.75101984	22.48995984	5.250419934	77.71084337	26.30522088
GYZ412UOG_AUO32151_Suidae_2017.622222	P	14.9929446	15.74259183	21.73976967	27.73694752	99.59839357	12.74400291	22.48995984	5.247530611	77.71084337	26.30522088
KYQ934WGV_AUO32171_Suidae_2017.605556	P	15.76567009	15.76567009	21.02089345	28.52835539	99.59839357	12.76268531	22.48995984	5.255223362	77.71084337	26.30522088
XMJ600FON_AUO32041_Suidae_2017.666667	P	14.99723925	15.74710122	20.99613496	27.74489262	99.59839357	12.74765337	22.48995984	5.249033739	77.71084337	26.30522088
SPJ686DQH_AEA29275_Suidae_2009.872222	P	15.75449112	15.75449112	22.50641589	27.75791293	99.59839357	12.75363567	22.48995984	5.251497041	77.71084337	26.5060241
ZWS592GTT_AEN68525_Suidae_2010.852778	P	15.75985055	15.75985055	21.76360315	27.76735574	99.59839357	12.75797426	22.48995984	5.253283518	78.31325301	26.5060241
CFC861HEM_AIT16690_Suidae_2012.875	P	15.74966306	15.74966306	20.99955074	27.74940634	99.59839357	12.74972724	22.48995984	5.249887685	78.31325301	26.90763052
ZZQ515JUY_ANZ03695_Suidae_2015.113889	P	15.75232154	15.75232154	21.75320593	27.75409033	99.59839357	12.75187934	22.48995984	5.250773846	77.71084337	26.5060241
EIK729SUZ_AGG53119_Suidae_2012.022222	P	14.93289278	12.69295886	20.90604989	20.90604989	99.76133652	6.719801749	22.67303103	5.97315711	73.98568019	28.63961814
DZA547XVP_ANZ03684_Suidae_2015.113889	P	15.75322688	15.75322688	21.75445617	27.0055318	99.59839357	12.75261224	22.48995984	5.251075628	78.31325301	26.5060241
LKE719GUO_ADN24865_Hominidae_2009.416667	H	15.75331011	15.75331011	21.7545711	27.00567447	99.59839357	12.75267961	22.69076305	5.25110337	77.71084337	26.30522088
HNO151AHS_AHA38642_Hominidae_2013.008333	H	9.127838295	12.93110425	11.40979787	19.01632978	99.37304075	11.40979787	22.88401254	3.042612765	76.80250784	22.57053292
MTS833EWF_AGI55356_Hominidae_2009.566667	H	15.74550395	15.74550395	21.74379117	26.24250658	99.59758551	12.74636034	22.53521127	5.248501316	77.66599598	26.35814889
IQR483ZCI_AKL90882_Hominidae_2012.072222	H	14.93465721	12.69445863	20.90852009	23.89545153	99.56236324	11.94772577	22.10065646	5.227130023	77.46170678	26.91466083
TUP152QGD_ADN24844_Hominidae_2009.416667	H	15.75239602	15.75239602	21.7533088	27.00410747	99.59839357	12.75193964	22.48995984	5.250798675	77.71084337	26.5060241
TBD245MCB_AEA29271_Suidae_2009.513889	P	15.75239602	15.75239602	21.7533088	27.00410747	99.59839357	12.75193964	22.48995984	5.250798675	77.71084337	26.5060241
PPW368KOD_ADN24900_Hominidae_2009.458333	H	15.75239602	15.75239602	21.7533088	27.00410747	99.59839357	12.75193964	22.48995984	5.250798675	77.71084337	26.5060241
EVE279ACF_AGI52423_Hominidae_2009.747222	H	15.75239602	15.75239602	21.7533088	27.00410747	99.59839357	12.75193964	22.48995984	5.250798675	77.71084337	26.5060241
RFA173DSF_ANZ03694_Suidae_2013.013889	P	15.75239602	15.75239602	21.7533088	27.00410747	99.59839357	12.75193964	22.48995984	5.250798675	77.71084337	26.5060241
DFD495VSA_AGL04715_Hominidae_2012.166667	H	15.75239602	15.75239602	21.7533088	27.00410747	99.59839357	12.75193964	22.48995984	5.250798675	77.71084337	26.5060241
VSA822LIU_AEA29272_Suidae_2009.666667	P	15.75239602	15.75239602	21.7533088	27.00410747	99.59839357	12.75193964	22.48995984	5.250798675	77.71084337	26.5060241
ZHT278VJW_ADN24790_Hominidae_2009.319444	H	15.74535999	15.74535999	22.49337141	26.99204569	99.59839357	12.7462438	22.48995984	5.248453329	77.71084337	26.5060241
WVY742JHG_AHM98955_Hominidae_2009	H	7.563705503	9.832817154	9.076446604	12.85829936	98.42519685	7.563705503	19.29133858	3.025482201	77.16535433	25.59055118
WGT119DCC_ADN24784_Hominidae_2009.330556	H	15.74543116	15.74543116	21.74369066	26.99216771	99.59839357	12.74630142	22.48995984	5.248477055	78.31325301	26.30522088
IUK012HYV_ADN24910_Hominidae_2009.463889	H	15.74678737	15.74678737	21.74556351	26.99449263	99.59839357	12.7473993	22.48995984	5.248929123	77.71084337	26.5060241
YXX064KAN_AGI52527_Hominidae_2009.694444	H	15.74678737	15.74678737	21.74556351	26.99449263	99.59839357	12.7473993	22.48995984	5.248929123	77.71084337	26.5060241
EGA889UQW_CCD31012_Suidae_2010.833333	P	15.7309529	15.7309529	21.72369686	26.96734783	99.59839357	12.73458092	22.48995984	5.243650967	76.90763052	26.5060241
AKC681NUJ_CCD33090_Suidae_2010.833333	P	15.7309529	15.7309529	21.72369686	26.96734783	99.59839357	12.73458092	22.48995984	5.243650967	76.90763052	26.5060241
YFI163IFJ_ACR01026_Suidae_2009	P	16.50209014	15.75199513	22.50285019	27.00342022	99.6031746	12.75161511	22.42063492	5.250665044	77.18253968	26.98412698
DTX853XVV_AGI54787_Hominidae_2009.272222	H	10.41538362	9.671427646	15.62307543	15.62307543	99.05956113	5.207691809	24.45141066	3.719779864	73.04075235	21.94357367
LTR425BPW_ADN24924_Hominidae_2009.619444	H	15.76412044	15.76412044	21.01882726	27.02420648	99.59758551	12.76143084	22.33400402	5.254706815	77.66599598	26.35814889
XMJ317GHF_ANZ03693_Suidae_2014.502778	P	14.99821574	15.74812653	22.49732361	27.74669912	99.6031746	12.74848338	22.42063492	5.249375508	77.18253968	26.98412698
OLD627INL_AGI53863_Hominidae_2009.933333	H	15.75326784	15.75326784	21.75451272	27.005602	99.59839357	12.75264539	22.28915663	5.251089278	77.71084337	26.90763052
LAO016IPH_AGI54132_Hominidae_2010.252778	H	15.74120294	15.74120294	21.73785168	26.98491932	99.59839357	12.74287857	22.48995984	5.247067646	77.71084337	26.5060241
GIH655JQQ_AEA29274_Suidae_2009.713889	P	15.74451543	15.74451543	21.74242607	26.24085905	99.59839357	12.74556011	22.48995984	4.49843298	77.71084337	26.30522088
XTS866RIZ_AKL91003_Hominidae_2012.027778	H	12.03176462	14.28772049	20.3036028	26.31948511	99.58071279	12.78374991	22.01257862	5.263897023	77.35849057	26.62473795
YMO713TDT_ADN24860_Hominidae_2009.416667	H	15.77994369	15.77994369	21.79135081	27.05133204	99.59839357	12.77424013	22.69076305	5.259981229	77.71084337	26.30522088
DQA146RSB_AGI55268_Hominidae_2010.144444	H	15.75433974	15.75433974	21.75599298	27.00743956	99.59839357	12.75351313	22.48995984	5.251446581	78.31325301	26.5060241
CDF316GYS_AGK73274_Hominidae_2011.052778	H	15.75326672	15.75326672	22.50466675	27.0056001	99.59839357	12.75264449	22.48995984	5.251088908	78.31325301	26.5060241
JVW772PUY_AGK72593_Hominidae_2011.016667	H	15.74696507	15.74696507	22.49566438	26.99479726	99.59839357	12.74754315	22.48995984	5.248988355	77.71084337	26.5060241
FSQ724QZM_ADN24845_Hominidae_2009.416667	H	15.75239602	15.75239602	21.7533088	27.00410747	99.59839357	12.75193964	22.48995984	5.250798675	77.71084337	26.5060241
YFM204QEQ_AGI54267_Hominidae_2010.194444	H	15.76807383	15.76807383	21.7749591	27.03098371	99.59758551	12.7646312	22.53521127	5.25602461	77.66599598	26.35814889
DRX078SIJ_AGI52867_Hominidae_2010.147222	H	16.5184721	15.76763246	21.77434959	27.03022707	99.59839357	12.7642739	22.48995984	5.255877486	78.31325301	26.5060241
DZM885SVS_ANZ03690_Suidae_2014.055556	P	15.76275711	15.76275711	21.76761696	27.02186933	99.59839357	12.76032718	22.28915663	5.25425237	77.71084337	26.90763052
VAW783JFF_AGI52494_Hominidae_2009.708333	H	15.75434636	15.75434636	21.75600211	27.0074509	99.59839357	12.75351848	22.28915663	5.251448785	77.71084337	26.90763052
XHD864DSF_AEA29273_Suidae_2009.713889	P	14.99188851	15.74148293	21.73823833	26.98539931	99.59839357	12.74310523	22.48995984	5.247160977	77.71084337	26.5060241
HRZ884BMP_AKL90893_Hominidae_2012.030556	H	12.01508233	13.51696762	21.02639408	26.2829926	99.57716702	12.76602498	21.98731501	5.25659852	77.37843552	26.42706131
PYK011LUA_AKL90941_Hominidae_2012.072222	H	12.80660214	12.0532726	21.84655659	26.36653382	99.57894737	12.80660214	21.68421053	5.273306763	77.47368421	26.94736842
CLB523BGX_ADN24904_Hominidae_2009.525	H	15.75237026	15.75237026	21.75327321	26.25395043	99.59839357	12.75191878	22.48995984	5.250790085	78.31325301	26.5060241
IMS512RRM_AGL05086_Hominidae_2012.144444	H	15.77335547	15.77335547	21.78225279	27.04003795	99.59839357	12.76890681	22.48995984	6.008897322	77.71084337	26.5060241
PHS972VFL_ADN24981_Hominidae_2009.791667	H	15.76771932	15.76771932	21.77446954	27.03037598	99.59758551	12.76434421	22.33400402	5.25590644	78.26961771	26.35814889
BPE909AWA_ADN24982_Hominidae_2009.786111	H	15.75204293	15.75204293	21.75282119	27.00350217	99.59839357	12.7516538	22.48995984	5.250680977	78.31325301	26.5060241
PWO360VIW_AGI54281_Hominidae_2010.186111	H	15.75219309	15.75219309	21.75302856	27.00375959	99.59839357	12.75177536	22.48995984	5.250731032	77.71084337	26.5060241
AHE475GZL_ADN24913_Hominidae_2009.566667	H	15.74953345	15.74953345	21.74935571	26.9992002	99.59839357	12.74962231	22.48995984	5.249844482	76.90763052	26.5060241
OJS556IPH_AIC65517_Hominidae_2012.419444	H	15.12616337	17.39508787	21.17662871	27.22709406	99.59839357	12.10093069	23.09236948	5.294157178	77.71084337	26.10441767
MXH365SXC_CCD31002_Suidae_2010.833333	P	15.7628617	15.01224924	22.51837386	26.27143617	99.59839357	12.76041185	22.69076305	6.004899696	76.90763052	26.30522088
SYK578ZGC_AGI55511_Hominidae_2009.658333	H	15.75106498	15.75106498	22.5015214	27.00182568	99.59839357	12.75086213	22.48995984	5.250354993	77.71084337	26.5060241
FXK787ULC_ADN24972_Hominidae_2009.713889	H	15.75347131	15.75347131	21.00462842	27.00595082	99.59839357	12.75281011	22.48995984	5.251157104	77.71084337	26.5060241
POA445BTC_AGI53511_Hominidae_2009.702778	H	15.75198096	15.75198096	21.75273562	27.00339594	99.59839357	12.75160364	22.48995984	5.250660322	77.71084337	26.5060241
MRX843NVV_AKL90970_Hominidae_2012.030556	H	12.04950962	13.55569833	18.82735879	24.09901925	99.56043956	12.80260397	21.31868132	4.518566109	76.92307692	25.93406593
GEE252XXJ_AGI53004_Hominidae_2010.105556	H	15.75134011	15.75134011	22.50191444	27.00229733	99.59839357	12.75108485	22.48995984	5.250446704	77.71084337	26.5060241
CZE061MTY_AGK73452_Hominidae_2011.127778	H	15.74892095	15.74892095	21.74850989	26.9981502	99.59839357	12.74912648	22.48995984	5.249640317	77.71084337	26.5060241
DWT965NQH_AGK72724_Hominidae_2010.875	H	15.75072473	15.75072473	21.75100081	27.7512769	99.59839357	12.75058668	22.48995984	5.250241575	77.71084337	26.5060241
CQQ018JHW_ASU06511_Hominidae_2009.925	H	13.48262326	13.48262326	18.72586564	22.47103877	98.80668258	9.737450135	23.150358	4.494207755	77.08830549	28.63961814
VMX056WDG_ADH29487_Hominidae_2009.691667	H	15.75548459	15.00522342	21.75757396	27.00940216	100	12.75443991	22.58064516	5.251828197	76.20967742	26.61290323
CYJ318NWQ_AHL80973_Hominidae_2011.036111	H	11.24974695	11.99973008	16.49962886	18.74957825	98.72122762	9.749780692	25.57544757	4.499898781	76.98209719	23.01790281
GAB675CHL_AHB24553_Suidae_2011.763889	P	9.784356936	10.53699978	12.04228546	13.54757114	100	7.526428412	25.07936508	3.010571365	76.82539683	21.58730159
YCH814HID_ASO97512_Hominidae_2012.944444	H	8.834937124	6.626202843	15.46113997	13.98865045	99.19354839	3.681223802	25.80645161	2.944979041	73.79032258	30.24193548
MUP582HPS_ASU06516_Hominidae_2012.741667	H	14.98197869	14.23287975	19.47657229	23.22206696	99.08045977	10.48738508	22.06896552	4.494593606	77.47126437	28.50574713
LPM313ZUF_AIC64811_Hominidae_2012.652778	H	13.36032501	13.36032501	18.55600696	21.52496807	99.5049505	10.3913639	23.76237624	2.226720835	75.99009901	25
HQK317FQD_ASU06512_Hominidae_2012.941667	H	11.2343638	9.736448631	13.48123657	16.47706691	98.54227405	8.238533457	20.69970845	3.744787935	75.80174927	26.53061224
KWR415PVS_ADV74754_Suidae_2009.647222	P	5.851925212	2.194471954	8.046397166	6.583415863	100	0.731490651	16.33986928	2.194471954	69.93464052	34.64052288
FDF391ODS_AGI02498_Suidae_2011.575	P	1.52928172	0.76464086	1.52928172	5.352486021	94.28571429	4.587845161	28.57142857	0	71.42857143	12.85714286
XHO918IFW_AEN68534_Suidae_2011.013889	P	4.546983528	6.062644704	6.062644704	10.60962823	98.81656805	7.578305879	27.21893491	0.757830588	73.96449704	24.26035503
GNW622TCU_ASU06515_Hominidae_2009	H	12.76265352	12.76265352	18.76860812	21.77158542	100	9.759676224	22.00956938	4.50446595	77.27272727	28.70813397
MKS131SDY_AOT92327_Hominidae_2016.147222	H	15.76287888	15.76287888	21.76778512	27.02207807	99.59839357	12.76042576	22.48995984	5.254292959	76.90763052	26.30522088
RDW534ENL_AOZ85923_Hominidae_2016.144444	H	15.76462233	15.01392603	21.77019275	27.02506686	99.59839357	12.76183713	22.48995984	6.005570413	76.90763052	26.30522088
PSG951CCY_ANM87677_Hominidae_2016.047222	H	15.76619334	15.76619334	21.77236223	27.02776001	99.59839357	12.76310889	22.48995984	5.255397779	77.71084337	26.30522088
FUK793BIX_ANE26756_Hominidae_2015.963889	H	15.76581806	15.76581806	21.77184398	27.02711667	99.59839357	12.76280509	22.48995984	5.255272685	76.90763052	26.5060241
MEV331EON_ANE27542_Hominidae_2016.008333	H	15.00785954	15.75825252	21.76139633	27.01414717	99.59839357	12.75668061	22.48995984	5.252750839	76.90763052	26.10441767
GSJ897SAI_AMA11356_Hominidae_2015.875	H	15.7641444	15.7641444	22.52020628	27.02424754	99.59839357	12.76145023	22.48995984	5.2547148	76.90763052	26.30522088
HYK811VMJ_ASW32344_Hominidae_2017.227778	H	15.76876368	15.76876368	21.77591175	27.03216632	99.59839357	12.76518965	22.48995984	5.256254561	76.90763052	26.30522088
WFT609SDO_ANE29109_Hominidae_2016.080556	H	15.76387191	15.76387191	21.76915645	27.02378042	99.59839357	12.76122964	22.48995984	5.254623971	77.71084337	26.30522088
YRO670TXX_AUP48074_Hominidae_2017.95	H	15.78862452	16.54046378	21.80333862	27.06621346	99.59839357	12.78126747	22.48995984	5.262874839	76.90763052	26.30522088
OZZ513NID_APH11055_Hominidae_2016.783333	H	15.77161096	15.77161096	21.77984371	27.03704736	99.59839357	12.76749459	22.48995984	5.257203654	76.90763052	26.30522088
LDX693NBC_AUP48762_Hominidae_2017.9	H	15.78484943	15.78484943	21.04646591	27.05974188	99.59758551	12.77821144	22.53521127	5.261616477	76.861167	26.35814889
PXI443QBS_AOW44635_Hominidae_2016.244444	H	15.77165842	15.77165842	21.77990924	27.03712872	99.59839357	12.76753301	22.48995984	5.257219473	77.71084337	26.30522088
EAI988JJW_AOZ85788_Hominidae_2016.088889	H	15.76766366	15.76766366	21.77439268	27.78112169	99.59839357	12.76429916	22.28915663	5.255887888	77.71084337	26.5060241
EYR718JVL_ALH26904_Hominidae_2014.9	H	15.76623589	15.76623589	21.77242099	27.02783295	99.59839357	12.76314334	22.48995984	5.255411963	77.71084337	26.30522088
IJD839QKN_ANM88545_Hominidae_2016.097222	H	15.76002841	15.76002841	21.76384876	27.01719157	99.59839357	13.50859578	22.48995984	5.253342805	76.90763052	26.30522088
ODH642ELE_ANM93616_Hominidae_2016.175	H	15.77280676	15.77280676	21.03040902	27.03909731	99.59839357	12.76846262	22.48995984	5.257602254	77.71084337	26.30522088
GIO633DUU_ANE27746_Hominidae_2016.002778	H	15.78283574	15.78283574	21.04378099	27.05628984	99.59839357	12.77658131	22.48995984	5.260945247	76.90763052	26.10441767
KHL051BSK_ANM93495_Hominidae_2016.175	H	15.76490677	15.76490677	21.77058554	27.02555446	99.59839357	12.76206739	22.48995984	5.254968923	76.90763052	26.30522088
UDK584HTR_ANM94474_Hominidae_2016.241667	H	15.75974714	15.75974714	21.76346034	27.01670939	99.59839357	12.75789054	22.48995984	5.253249048	75.90361446	26.30522088
YUH396LGH_ANE29565_Hominidae_2016.061111	H	15.76863397	15.76863397	21.77573263	27.03194396	99.59839357	12.76508465	22.48995984	5.256211325	77.71084337	26.30522088
LGC464LOY_AOT87581_Hominidae_2016.327778	H	15.76927236	15.76927236	21.77661421	27.03303833	99.59839357	12.76560143	22.48995984	5.256424119	77.71084337	26.30522088
LKG917DZN_ANM90569_Hominidae_2016	H	15.76080307	15.76080307	21.76491852	27.01851954	99.59758551	12.75874534	22.53521127	5.253601023	76.861167	26.35814889
ZPY592MUZ_ANM92637_Hominidae_2016.205556	H	15.75338126	15.75338126	22.50483037	27.00579645	99.59839357	12.75273721	22.48995984	5.251127087	76.90763052	26.30522088
YNY732GKB_ANM93099_Hominidae_2016.186111	H	15.75384519	15.75384519	22.50549313	27.00659176	99.59839357	12.75311277	22.48995984	5.25128173	76.90763052	26.5060241
IHR246JXA_ASZ79422_Hominidae_2017.572222	H	15.7976087	15.7976087	22.56801243	27.08161491	99.59839357	12.78854038	22.69076305	5.265869567	75.90361446	26.30522088
EWY176DSC_ANM92912_Hominidae_2016.180556	H	15.76917034	15.76917034	21.77647333	27.03286345	99.59839357	12.76551885	22.48995984	5.256390115	76.90763052	26.30522088
QVQ219XTM_AOZ85541_Hominidae_2015.852778	H	15.74922784	15.74922784	21.74893369	26.9986763	99.59839357	13.49933815	22.48995984	5.249742614	76.90763052	26.30522088
CFX681TFO_ATY75235_Hominidae_2017.661111	H	15.01919551	15.77015529	21.02687372	27.03455193	99.59758551	12.76631619	22.53521127	5.25671843	77.06237425	26.35814889
UBN493KHR_ANE28754_Hominidae_2016.05	H	15.78703763	15.78703763	21.8011472	27.06349307	99.59758551	12.77998284	22.53521127	5.262345876	76.861167	26.15694165
PED030MBC_ANM93627_Hominidae_2016.197222	H	15.7644909	15.7644909	21.77001125	27.02484155	99.59758551	12.76173073	22.33400402	5.254830301	76.861167	26.35814889
CRO584CVI_AOT87218_Hominidae_2016.180556	H	15.75977229	15.75977229	21.76349507	27.0167525	99.59758551	12.7579109	22.33400402	5.25325743	76.861167	26.35814889
CAH310EAH_AOT93240_Hominidae_2016.358333	H	15.75753063	15.75753063	22.51075805	27.01290966	99.59839357	12.75609623	22.48995984	5.252510211	76.90763052	26.30522088
HHV579CTV_AOZ86425_Hominidae_2016.122222	H	15.75647403	15.75647403	23.2595569	27.01109834	99.59839357	12.75524088	22.48995984	5.25215801	76.90763052	26.30522088
SGI803PPX_APH11082_Hominidae_2016.744444	H	15.00083443	15.75087615	21.75120992	27.00150197	99.59839357	12.75070927	22.48995984	5.25029205	76.90763052	26.30522088
WDZ230RQW_AOW44847_Hominidae_2015.813889	H	15.76620388	15.76620388	21.77237679	27.77854969	99.59839357	12.76311743	22.48995984	5.255401294	75.90361446	26.30522088
GQY765DKC_ANM88688_Hominidae_2016.147222	H	15.76338256	15.76338256	22.51911795	27.02294154	99.59839357	12.7608335	22.48995984	5.254460855	76.90763052	26.30522088
KFQ620ACO_ANM93341_Hominidae_2016.186111	H	15.7669872	15.7669872	21.77345851	27.02912091	99.59839357	12.76375154	22.48995984	5.255662399	75.90361446	26.30522088
CSR122ERU_AOT87922_Hominidae_2016.305556	H	15.76624706	15.76624706	21.77243642	26.27707844	99.59839357	12.76315238	22.48995984	5.255415687	77.71084337	26.30522088
PLQ318HSY_AQS98410_Hominidae_2017.055556	H	15.76619516	15.76619516	21.77236474	27.02776313	99.59839357	12.76311037	22.48995984	5.255398387	76.90763052	26.30522088
TNN596QPJ_AOZ81517_Hominidae_2016.683333	H	15.76463217	15.76463217	21.77020633	27.77578049	99.59839357	12.76184509	22.48995984	5.254877391	76.90763052	26.30522088
ISR211KFW_AOZ85616_Hominidae_2015.952778	H	15.76762774	15.76762774	21.02350365	27.7810584	99.59839357	12.76427007	22.48995984	5.255875913	76.90763052	26.30522088
ZOP557OUZ_AOT87427_Hominidae_2016.280556	H	15.77707181	15.77707181	21.03609575	27.04640882	99.59839357	12.77191528	22.48995984	5.259023938	76.90763052	26.30522088
NTE287UIE_ANM88391_Hominidae_2016.097222	H	15.76504188	15.76504188	21.77077213	27.02578609	99.59839357	12.76217676	22.48995984	5.255013962	76.90763052	26.30522088
NVS772NLB_ANM91229_Hominidae_2016.077778	H	15.76283589	15.76283589	21.76772575	27.02200437	99.59839357	12.76039095	22.48995984	5.254278628	76.90763052	26.30522088
HPL823RJA_ANM91724_Hominidae_2016.105556	H	15.75360938	15.75360938	21.75498438	27.0061875	99.59839357	12.75292188	22.48995984	5.251203125	76.90763052	26.30522088
UXE778ZAF_ANM94969_Hominidae_2016.230556	H	15.76103106	15.76103106	21.76523337	27.01891039	99.59839357	12.75892991	22.28915663	5.25367702	76.90763052	26.5060241
KBU062FZV_AOT87801_Hominidae_2016.269444	H	15.76356537	15.76356537	21.76873313	27.02325492	99.59839357	12.76098149	22.48995984	5.254521789	75.90361446	26.30522088
BUS972PLO_ANM91438_Hominidae_2016.125	H	15.77319479	15.77319479	21.03092639	27.0397625	99.59839357	12.76877674	22.48995984	5.257731597	76.90763052	26.30522088
RVD482TXX_AOT92943_Hominidae_2016.186111	H	15.76823043	15.76823043	21.02430724	27.03125217	99.59758551	12.76475797	22.53521127	5.25607681	76.861167	26.35814889
HHD661PSD_AOT88483_Hominidae_2016.277778	H	15.76694088	15.76694088	21.77339455	27.02904151	99.59839357	12.76371405	22.48995984	5.255646961	75.90361446	26.30522088
ZUK351HWY_ATI22854_Hominidae_2017.647222	H	15.77140161	15.77140161	21.77955461	27.03668848	99.59839357	12.76732511	22.48995984	5.25713387	75.90361446	26.30522088
QVJ935ZAW_ANE28577_Hominidae_2015.983333	H	15.743819	15.743819	21.74146433	26.989404	99.59839357	12.74499633	22.48995984	5.247939667	75.90361446	26.30522088
KFV710TLY_AOT92723_Hominidae_2016.158333	H	15.75703251	15.75703251	21.75971157	27.01205574	99.59839357	13.50602787	22.48995984	5.252344171	76.90763052	26.5060241
CCA325TZZ_AOT88362_Hominidae_2016.338889	H	15.76620322	15.76620322	21.77237588	26.27700537	99.59839357	12.76311689	22.48995984	5.255401074	77.71084337	26.30522088
ZNV942MHX_AOW44567_Hominidae_2016.066667	H	15.77600042	15.77600042	21.78590535	27.04457215	99.59839357	12.77104796	22.48995984	5.258666808	76.90763052	26.30522088
WOW485CKR_ANM90393_Hominidae_2016.088889	H	15.76423375	15.76423375	22.52033393	27.02440072	99.59839357	12.76152256	22.48995984	5.254744584	76.90763052	26.30522088
KPV553EHR_ANM90844_Hominidae_2016.108333	H	15.75653919	15.75653919	23.25965308	27.01121003	99.59839357	12.75529363	22.48995984	5.252179728	76.90763052	26.30522088
YWB068PGX_ASU06510_Hominidae_2015.105556	H	7.41365521	5.930924168	12.60321386	10.37911729	95.14563107	2.224096563	25.72815534	2.224096563	76.69902913	17.96116505
FXP739RBK_AQS20097_Hominidae_2017.016667	H	15.75876132	15.75876132	21.76209897	27.01501941	99.59839357	12.7570925	22.48995984	5.252920442	76.90763052	26.30522088
JLG492TZA_ANM89524_Hominidae_2016.127778	H	15.7616479	15.7616479	23.26719452	27.01996783	99.59839357	12.75942925	22.48995984	5.253882633	76.90763052	26.30522088
YRF020KXM_AUI43564_Hominidae_2017.869444	H	15.75885628	15.75885628	22.51265183	27.01518219	99.59839357	12.75716937	22.48995984	5.252952093	76.90763052	26.5060241
VKM324EVJ_ANM94705_Hominidae_2016.261111	H	15.76529739	15.76529739	21.77112496	27.02622409	99.59839357	13.51311205	22.48995984	5.255099129	75.90361446	26.30522088
NVQ968JNB_ANM92659_Hominidae_2016.211111	H	15.76856333	15.76856333	21.0247511	27.03182284	99.59839357	12.76502745	22.48995984	5.256187775	76.90763052	26.30522088
LTR046QJU_ANM93429_Hominidae_2016.233333	H	15.76723677	15.76723677	21.77380316	27.78036954	99.59839357	12.76395357	22.48995984	5.25574559	76.90763052	26.30522088
MUV888BOA_ANM92208_Hominidae_2016.183333	H	15.76670794	15.76670794	21.77307287	27.02864218	99.59839357	12.76352548	22.48995984	5.255569313	77.71084337	26.30522088
LWP435MWU_ANM92681_Hominidae_2016.191667	H	15.7622472	15.7622472	21.7669128	27.0209952	99.59839357	12.7599144	22.48995984	5.2540824	76.90763052	26.5060241
DNT841ROI_ANM93275_Hominidae_2016.205556	H	15.75954107	15.75954107	21.76317577	27.01635613	99.59839357	12.75772373	22.48995984	5.253180358	76.90763052	26.30522088
IRU017TSB_ANM94573_Hominidae_2016.227778	H	14.99854808	15.74847548	21.74789472	26.99738654	99.59839357	12.74876587	22.48995984	5.249491828	77.71084337	26.30522088
XXV484PQA_ANE28483_Hominidae_2015.963889	H	15.77678892	15.77678892	21.03571857	27.04592387	99.59839357	12.77168627	22.48995984	5.258929642	76.90763052	26.30522088
NKG725FOF_AOW44664_Hominidae_2016.25	H	15.76770601	15.76770601	21.02360801	27.03035316	99.59758551	12.76433344	22.53521127	5.255902003	76.861167	26.35814889
ZIT224FQY_ANM93539_Hominidae_2016.211111	H	15.75906506	15.75906506	21.76251842	27.01554011	99.59758551	12.75733838	22.53521127	5.253021688	76.861167	26.35814889
XQD938FOH_AOT87185_Hominidae_2016.188889	H	15.76575732	15.76575732	21.77176011	27.02701255	99.59839357	12.76275593	22.48995984	5.255252441	76.90763052	26.30522088
UAB934ZZN_AOZ81433_Hominidae_2016.266667	H	15.75794297	15.75794297	21.76096887	27.01361653	99.59758551	12.75643003	22.53521127	5.252647658	76.861167	26.35814889
LBS866PKU_AOT88494_Hominidae_2016.363889	H	15.76459708	15.01390198	21.77015787	27.02502357	99.59839357	12.76181669	22.48995984	6.005560793	76.90763052	26.30522088
YRJ218IFH_APC60142_Hominidae_2014.347222	H	15.76785824	15.76785824	21.02381098	26.27976373	99.59839357	12.76445667	22.48995984	5.255952746	76.90763052	26.5060241
SZO600WGH_AOZ81453_Hominidae_2016.372222	H	15.75943469	15.75943469	22.51347813	27.01617376	99.59839357	12.75763761	22.48995984	5.253144897	76.90763052	26.5060241
LVN804RFH_ANM87249_Hominidae_2016.011111	H	15.76125512	15.76125512	21.76554278	27.01929449	99.59839357	12.75911129	22.48995984	5.253751706	77.71084337	26.30522088
ZDD763WOV_AGI02456_Suidae_2011.458333	P	2.27258462	4.54516924	3.030112827	6.060225654	96.3963964	6.060225654	22.52252252	0	73.87387387	18.91891892
ABK768WHU_AOT92778_Hominidae_2016.044444	H	15.7474678	15.7474678	23.24626199	26.99565908	99.59839357	12.74795012	22.48995984	5.249155933	77.71084337	26.5060241
LGF925BLX_AOT92822_Hominidae_2016.108333	H	15.75306206	15.75306206	23.25452018	27.00524925	99.59839357	12.75247881	22.48995984	5.251020687	77.71084337	26.5060241
HBW978WDW_AOT93658_Hominidae_2016.130556	H	15.75262775	15.75262775	23.25387906	27.00450471	99.59839357	12.75212723	22.48995984	5.250875916	76.90763052	26.5060241
ACP116IBL_ALH42353_Hominidae_2015.655556	H	15.74390063	15.74390063	23.99070572	26.98954393	99.59839357	12.74506241	22.48995984	5.247966876	77.71084337	26.30522088
BCS518QPV_ALH26587_Hominidae_2015.213889	H	15.75430637	15.75430637	23.25635702	27.00738235	99.59839357	12.75348611	22.48995984	5.251435456	76.90763052	26.5060241
FNJ359KHO_ALH26501_Hominidae_2015.194444	H	15.74795132	15.74795132	23.24697576	26.99648798	99.59758551	12.74834155	22.53521127	5.249317108	76.861167	26.55935614
ZUN925MHE_ALH26790_Hominidae_2015.202778	H	14.98038171	15.7294008	23.96861074	26.96468709	99.59839357	12.73332446	22.48995984	5.2431336	76.90763052	26.5060241
NHU036BLN_AMA11465_Hominidae_2015.561111	H	15.75052192	15.75052192	23.25077045	27.00089472	99.59839357	12.75042251	22.48995984	5.250173973	76.90763052	26.30522088
QWR042HDD_ADY71591_Suidae_2008.411111	P	6.895302969	7.661447744	8.427592518	13.02446116	99.17695473	10.72602684	27.57201646	3.064579097	74.89711934	27.98353909
AHT885BBC_ACN85536_Suidae_2007.427778	P	6.858812394	8.382992927	9.907173459	13.71762479	99.21568627	12.19344426	26.66666667	3.81045133	76.07843137	24.70588235
ZQO755WFB_ADY16841_Suidae_2009.833333	P	4.497407599	3.747839666	8.245247265	6.746111399	96.55172414	4.497407599	26.89655172	1.499135866	71.03448276	10.34482759
LHO451TDU_ADD21458_Suidae_2008.863889	P	17.88218884	15.64691524	21.60764485	26.82328326	99.59839357	17.13709764	22.48995984	4.47054721	78.31325301	26.30522088
SRI046MVE_AEC14319_Suidae_2007	P	11.97626603	10.47923277	18.71291567	17.21588241	99.4100295	6.73664964	23.89380531	5.239616387	74.04129794	25.07374631
CFL517XKG_ABW71485_Suidae_1935	P	13.47891515	16.47422963	24.71134444	27.70665892	99.59839357	13.47891515	22.28915663	5.241800335	78.31325301	26.5060241
MKN300YPS_AHA38600_Hominidae_2012.994444	H	3.061922587	4.592883881	0.765480647	4.592883881	100	0	21.42857143	1.530961294	73.21428571	16.07142857
NEJ913JOK_AHB59342_Suidae_2013.852778	P	11.96183377	16.44752143	23.17605292	27.66174058	99.59839357	13.45706299	22.28915663	5.233302273	78.31325301	26.90763052
IER365GCJ_ADW82150_Hominidae_2009.786111	H	11.96447525	7.477797034	13.46003466	13.46003466	97.16981132	5.234457924	20.12578616	4.48667822	77.98742138	27.35849057
TMB999AUN_AGK74386_Hominidae_2011.058333	H	17.32971333	15.06931594	21.09704231	27.12476869	99.59839357	12.80891855	21.48594378	5.274260578	77.71084337	28.31325301
KOC453KGW_ADW93764_Hominidae_2009.786111	H	15.74355848	11.24539892	17.99263826	18.74233153	97.72727273	6.747239349	22.22222222	5.247852827	75	30.3030303
ERP209WDI_APH10418_Hominidae_2016.786111	H	18.08453028	15.0704419	21.09861867	27.12679543	99.59839357	12.80987562	21.48594378	5.274654666	77.10843373	28.31325301
LNQ190BTX_AIC64771_Hominidae_2012.580556	H	10.4736687	9.725549511	13.46614548	20.19921821	99.39393939	8.229311125	23.63636364	2.992476773	74.24242424	29.09090909
EDL560FDC_AID47963_Hominidae_2013.038889	H	6.893706995	7.659674439	9.957576771	15.31934888	99.2248062	9.957576771	25.19379845	2.297902332	74.03100775	27.13178295
GZN864ZDO_AOV82369_Hominidae_2015.069444	H	2.271789619	3.786316031	3.786316031	6.815368856	100	4.543579237	22.64150943	0	71.69811321	18.86792453
FAG172ASO_ADX21082_Hominidae_2009.788889	H	14.97144136	11.22858102	17.96572964	19.46287377	97.69230769	6.737148614	21.02564103	5.240004478	75.38461538	31.53846154
KAH290UIV_ADX21073_Hominidae_2009.786111	H	6.06891109	5.310297204	7.586138862	7.586138862	95	4.551683317	18.88888889	2.275841659	80	28.88888889
BZN041WEJ_ACZ53968_Suidae_2007.855556	P	18.08223353	15.06852794	22.60279191	27.12335029	99.59839357	12.80824875	22.28915663	4.520558381	75.70281124	26.90763052
USD113YXT_AJK00355_Avian_2014.030556	A	16.59332003	15.83907821	21.87301277	27.90694733	99.59839357	12.82211093	22.28915663	5.279692738	77.71084337	27.91164659
PXB260WDF_AFY24130_Hominidae_2005	H	16.53764815	14.28251431	19.54449326	25.5581835	99.58246347	12.77909175	22.33820459	3.758556397	77.03549061	27.55741127
RWR710PFC_ADT79162_Suidae_1981	P	17.2863149	15.03157817	21.79578835	26.3052618	99.59839357	12.77684144	21.48594378	3.757894542	77.71084337	27.91164659
EGU437EEO_AFR76461_Suidae_1990.597222	P	18.06040606	15.05033839	21.82299066	27.09060909	99.59839357	12.79278763	21.28514056	3.762584596	76.90763052	27.91164659
VFT416WPY_AFG98856_Hominidae_1972	H	17.28996119	15.03474886	20.29691097	27.06254795	99.59839357	12.77953653	21.48594378	3.758687216	77.71084337	27.91164659
ALU536TAA_AFG98867_Hominidae_1972	H	17.29981887	15.04332075	20.30848302	26.32581132	99.59839357	12.78682264	21.48594378	3.760830189	78.31325301	27.91164659
DVW787MLS_AFG71957_Hominidae_1972	H	17.29533584	15.03942247	20.30322034	27.07096045	99.59839357	12.7835091	21.48594378	3.759855618	77.71084337	27.91164659
WHY587PYB_AGQ47839_Hominidae_2013.530556	H	16.52976304	15.02705731	20.28652737	27.04870315	99.59839357	12.77299871	21.48594378	3.756764327	77.71084337	27.91164659
QTH624VMZ_AJS16298_Hominidae_2014	H	16.54298981	15.03908165	19.55080614	27.07034697	99.59839357	12.7832194	21.48594378	4.511724495	77.71084337	27.91164659
AUV579QNM_APO39311_Hominidae_1968	H	18.08739209	15.82646808	20.3483161	27.13108813	99.59839357	12.81190273	22.28915663	3.768206685	76.90763052	27.91164659
AYW364AUD_AGQ47792_Hominidae_1949	H	17.29401211	15.79018497	23.30932067	27.06888852	99.59839357	12.78253069	22.28915663	3.759567851	77.71084337	26.90763052
NCC994RFP_ADI77353_Hominidae_2009.322222	H	16.55099341	16.55099341	21.06490071	26.33112588	99.3987976	12.789404	21.44288577	3.761589412	78.15631263	27.85571142
BXU217KWF_AFJ76148_Hominidae_2009.611111	H	6.727241963	5.979770634	8.222184622	9.71712728	99.42196532	1.494942658	27.74566474	2.242413988	76.30057803	17.34104046
OFX898CBH_AEA04358_Hominidae_1947.416667	H	15.01763862	15.76852055	23.27733986	27.03174951	99.59839357	12.76499282	22.28915663	3.754409654	77.71084337	26.90763052
STM010QIF_AGQ47780_Hominidae_1946	H	15.00334349	15.75351067	22.50501524	27.00601829	99.59839357	12.75284197	22.48995984	3.750835874	76.90763052	26.5060241
NVN692BFI_AEM60008_Hominidae_1935	H	14.23093498	14.97993156	21.72090076	27.71287339	99.59839357	13.48193841	21.48594378	4.493979468	78.71485944	26.90763052
VXK976FKW_AFM68958_Hominidae_1934	H	14.23149874	14.98052499	22.47078748	26.96494498	99.59839357	13.48247249	22.28915663	4.494157497	78.31325301	26.90763052
FMZ465LZA_AGQ47851_Hominidae_1935	H	14.25075709	15.75083678	23.25123525	26.25139464	99.59839357	12.75067739	22.28915663	4.50023908	78.31325301	26.90763052
NZD467SQK_AIE52505_Hominidae_1976	H	15.78900253	15.78900253	20.30014611	27.06686149	99.59839357	13.53343074	22.28915663	4.511143581	78.31325301	26.90763052
YDR263SPP_AOT22385_Avian_2016.769444	A	15.78900253	15.78900253	20.30014611	27.06686149	99.59839357	13.53343074	22.28915663	4.511143581	78.31325301	26.90763052
LGA991BTH_AEX92916_Hominidae_1934	H	13.4287664	11.93668124	17.90502186	22.38127733	99.49494949	10.44459609	22.47474747	2.238127733	76.26262626	30.3030303
FWE108TIX_AAT65362_Avian_1998	A	8.84435297	8.107323556	12.52950004	14.00355887	99.20948617	2.948117657	28.45849802	2.211088242	70.75098814	19.76284585
UQN125KNZ_AIS23615_Avian_2010.041667	A	11.2033473	15.68468622	23.15358443	27.63492335	100	14.19090658	21.41414141	4.481338921	77.17171717	26.26262626
GRN756IFY_AGG12534_Avian_2010.833333	A	2.280908537	9.883936995	9.883936995	15.20605692	99.24242424	10.64423984	26.13636364	2.280908537	75.37878788	25
EGM497UAN_BAM76345_Avian_2012.769444	A	2.28105396	10.64491848	9.884567159	15.2070264	99.25373134	10.64491848	26.86567164	2.28105396	75.74626866	24.25373134
BQE339VHB_ACZ46726_Avian_2002	A	3.783394401	10.59350432	11.3501832	15.89025648	99.29328622	11.3501832	26.50176678	2.27003664	76.32508834	25.795053
IAX565QRJ_ACZ46727_Avian_2002	A	3.787854203	10.60599177	10.60599177	14.39384597	98.15498155	9.848420928	24.35424354	2.272712522	78.22878229	26.56826568
DYZ197OGJ_BAS21901_Avian_2014.666667	A	2.281725119	8.366325436	9.887475515	14.45092575	99.60474308	10.64805055	26.48221344	2.281725119	75.49407115	26.08695652
ARH695LZA_AKM14023_Avian_2010.233333	A	4.50123521	10.50288216	12.75349976	15.75432324	99.33554817	12.00329389	21.26245847	2.250617605	76.74418605	28.23920266
ALW688IOK_AMQ46498_Avian_2010.502778	A	3.764711125	10.54119115	10.54119115	13.55296005	99.23371648	9.0353067	22.98850575	2.258826675	76.24521073	27.5862069
UZB993FAL_APT36468_Suidae_2016.75	P	1.526598344	2.289897516	3.053196688	1.526598344	96.34146341	0	13.41463415	1.526598344	73.17073171	18.29268293
MFD496MMY_BAM71815_Avian_2012.619444	A	2.279578008	9.118312032	10.6380307	15.19718672	99.23954373	10.6380307	25.85551331	2.279578008	75.2851711	24.7148289
JHV777DMT_ALB07591_Avian_2015.044444	A	5.156532058	3.683237184	8.103121805	8.839769242	100	0.736647437	28.47682119	2.209942311	76.82119205	14.56953642
UVY750TVD_AHN00242_Avian_1981	A	5.953806589	8.18648406	11.90761318	12.651839	99.65397924	5.953806589	19.03114187	3.721129118	73.70242215	25.25951557
FNY915RKR_ABJ09537_Avian_2004	A	11.9424584	15.67447665	21.64570585	27.61693505	99.5959596	13.4352657	21.61616162	4.4784219	78.18181818	26.66666667
ZQE554GCU_ACZ46656_Avian_1973	A	10.39182696	11.87637367	17.8145605	20.04138056	98.22335025	7.422733541	22.58883249	4.453640125	74.87309645	25.88832487
ICR679OHI_ABV47752_Avian_2004	A	9.669560674	9.669560674	15.62005955	17.10768427	100	5.950498876	24.76780186	2.975249438	73.374613	21.67182663
WSG284VLT_AAT65371_Avian_1998	A	8.818292098	7.348576748	11.7577228	12.49258047	100	2.939430699	26.8907563	2.204573024	74.3697479	18.90756303
VKA204OPJ_AFX88556_Avian_1986.619444	A	2.236609066	3.727681777	5.218754487	7.455363554	100	1.491072711	22.35294118	0.745536355	63.52941176	17.64705882
GMY530UYS_AAT65370_Avian_1998	A	8.824745937	8.089350442	11.03093242	12.50172341	98.37398374	2.941581979	26.42276423	2.206186484	72.35772358	20.32520325
NSI419RJF_AGE15559_Avian_2009.733333	A	6.735307147	5.986939686	8.232042068	11.22551191	99.47916667	1.496734921	27.08333333	2.245102382	79.6875	18.22916667
KOF277YTG_AGE83744_Avian_2011.702778	A	7.43965644	5.951725152	10.41551902	11.15948466	97.51243781	1.487931288	25.87064677	2.231896932	78.10945274	17.41293532
FIG734LRI_AGE83754_Avian_2011.702778	A	7.437126022	5.949700818	10.41197643	11.15568903	95.6097561	1.487425204	25.85365854	2.231137807	77.07317073	17.07317073
DVB476IRP_AGL04215_Avian_2011.555556	A	7.38246061	5.905968488	10.33544485	11.81193698	92.01877934	2.214738183	25.82159624	2.214738183	75.11737089	17.37089202
TYE345IVD_AGE83694_Avian_2010.852778	A	7.375239968	5.900191974	10.32533595	11.80038395	91.1627907	2.21257199	26.97674419	2.21257199	76.74418605	17.20930233
NTL814SJM_AAT65374_Avian_1991	A	8.845012991	8.107928575	13.26751949	14.74168832	99.2248062	3.68542208	28.29457364	2.211253248	69.76744186	19.37984496
KER112XIQ_ACF40969_Avian_1991	A	9.648101881	9.648101881	15.58539535	16.32755703	98.7460815	5.937293465	24.45141066	2.968646733	74.29467085	21.94357367
REC817KNC_ACZ46657_Avian_1999	A	10.44183409	14.91690585	18.64613231	20.1378229	99.27007299	7.458452924	22.14111922	4.475071755	76.39902676	29.19708029
QGW932YBR_ACZ46659_Avian_2002	A	10.43732285	14.91046121	18.63807651	20.12912263	99.51219512	7.455230604	22.19512195	4.473138363	76.58536585	25.36585366
AJR151DIC_AEK84692_Avian_2010.25	A	10.43202764	14.90289662	18.62862078	20.11891044	99.75550122	7.451448311	22.24938875	4.470868987	76.77261614	25.42787286
OBV673RRK_ACZ46694_Avian_2002	A	10.44275369	14.91821956	18.64777445	20.1395964	99.27007299	7.459109778	22.14111922	4.475465867	76.39902676	29.19708029
KTM823PRI_ACR27192_Avian_2005	A	3.048077275	8.382212506	9.144231825	10.66827046	99.5	7.620193187	22.5	1.524038637	76.5	29.5
LKT766QZF_ALX29269_Suidae_2012	P	5.336856271	10.67371254	12.19852862	14.48575273	98.12734082	9.911304503	26.21722846	2.287224116	78.27715356	25.84269663
LIQ523WUH_ACZ62766_Suidae_2002.113889	P	3.777644444	5.288702221	7.555288887	10.57740444	98.77300613	7.555288887	27.60736196	0	73.6196319	23.31288344
ICS392SKQ_AKJ82592_Suidae_2010.327778	P	8.303054351	11.32234684	15.85128558	17.36093183	99.45355191	12.07716997	25.40983607	3.774115614	76.77595628	22.13114754
DMZ519FBN_ABU62958_Suidae_2006	P	6.723437702	6.723437702	8.217534969	10.45868087	98.23529412	1.494097267	28.23529412	2.241145901	77.05882353	16.47058824
QRE185WEU_AEQ61386_Suidae_2010.916667	P	12.87441024	14.38904673	26.50613872	28.02077522	99.59839357	12.87441024	21.48594378	5.301227744	78.71485944	26.5060241
TGH706VZJ_AUI11428_Suidae_2001	P	12.75485408	17.25656729	22.50856603	27.01027924	99.59839357	13.50513962	21.48594378	4.501713206	78.31325301	26.5060241
KOV683MFL_AFR76572_Suidae_1995	P	14.29046296	16.54685184	22.56388888	27.82879628	99.59758551	13.53833333	22.13279678	4.512777775	78.26961771	26.35814889
SQO191SFJ_ABQ24011_Avian_2006.002778	A	11.16797362	11.91250519	17.86875779	20.10235251	97.48110831	7.445315744	22.67002519	5.211721021	74.81108312	25.69269521
SQR019YJF_ADN34739_Avian_2008.069444	A	11.22925303	16.46957112	21.7098892	27.69882415	99.59839357	13.47510364	22.28915663	4.491701214	77.71084337	26.5060241
FCV278QXN_ABD23976_Avian_2005	A	5.937859284	5.195626874	8.906788926	10.39125375	98.01324503	1.484464821	27.81456954	2.226697232	81.45695364	17.8807947
WSI792BTT_AEK84681_Avian_2010.333333	A	10.48391183	11.98161353	21.71667451	20.21897282	97.48110831	7.488508453	22.41813602	4.493105072	73.04785894	23.67758186
IAS646KRV_AEK84680_Avian_2011	A	9.657498349	8.171729372	15.60057426	14.85768977	98.99665552	5.943075907	23.07692308	3.714422442	74.5819398	31.77257525
MUK733ZYL_ACZ46637_Avian_1997	A	10.42926455	14.15400189	19.36863416	20.85852909	99.75550122	7.449474676	22.24938875	4.469684806	78.97310513	29.3398533
QRN813AOU_AIS23593_Avian_2010.041667	A	11.20549438	14.94065917	21.6639558	26.89318651	99.16492693	11.95252734	21.50313152	4.482197751	78.07933194	27.34864301
BUA730PJL_ACZ46702_Avian_1999	A	10.44079432	14.91542045	17.89850454	20.13581761	99.26829268	7.457710226	21.95121951	4.474626136	76.34146341	29.02439024
KBB860JXQ_AGT41145_Avian_2000.086111	A	11.23595897	16.47940648	20.97379007	26.21723759	98.9626556	12.73408683	21.78423237	4.494383586	77.38589212	27.17842324
IAT872VUQ_ACZ46709_Avian_1999	A	11.19435235	17.1646736	20.89612438	24.62757516	99.15611814	10.44806219	21.51898734	5.224031094	78.48101266	27.42616034
IOM824GRG_AGT40775_Avian_2000.802778	A	11.26900496	16.52787394	21.03547592	26.29434491	98.97330595	13.52280595	21.56057495	4.507601984	77.82340862	26.89938398
HVX334TXE_ACZ46711_Avian_1999	A	10.45086268	14.92980383	17.9157646	20.15523517	99.02676399	7.464901915	21.89781022	4.478941149	78.34549878	29.6836983
ESL417WRV_ACZ46713_Avian_1999	A	10.44531527	14.92187896	17.90625475	20.14453659	99.26829268	7.460939479	21.95121951	4.476563687	78.53658537	29.02439024
YTF912KWS_AGT40863_Avian_2000.741667	A	11.22493781	16.46324212	20.95321724	27.68817992	100	12.72159618	21.5010142	4.489975123	78.09330629	26.97768763
TUV198WYH_ACZ46701_Avian_1994	A	10.41850776	14.13940339	18.60447815	20.0928364	99.50617284	7.44179126	22.22222222	4.465074756	76.2962963	29.87654321
MED553ZED_ACZ46658_Avian_2002	A	10.43325886	14.90465552	18.63081939	20.12128495	99.27007299	7.452327758	22.14111922	4.471396655	76.39902676	29.19708029
BTD202PCG_ANK78080_Avian_2007.988889	A	10.44074733	11.93228266	17.15265633	19.38995933	100	8.203444331	23.21899736	4.474605999	75.46174142	24.53825858
QCZ939JSR_ACZ46594_Avian_2000	A	10.44574264	14.92248948	18.65311186	20.1453608	99.02912621	7.461244742	21.84466019	4.476746845	79.12621359	29.85436893
COL045OCZ_ACZ46645_Avian_2001	A	10.38919081	11.87336093	17.81004139	20.03629656	98.22335025	7.420850578	22.33502538	4.452510347	75.38071066	26.39593909
TGN448KZB_ACZ46598_Avian_2001	A	10.38868119	11.8727785	17.80916776	19.29326507	98.22335025	7.420486566	22.33502538	4.452291939	76.14213198	26.39593909
ZZT906VGY_ACZ46599_Avian_2001	A	10.43724746	14.91035351	18.63794189	20.12897724	99.51219512	7.455176754	21.95121951	4.473106053	78.7804878	29.26829268
YZG469LCR_ACZ46593_Avian_2000	A	10.43955517	14.91365024	18.6420628	20.13342782	99.27007299	7.45682512	21.89781022	4.474095072	78.58880779	29.9270073
KIP342YHV_ACZ46589_Avian_1999	A	10.43417984	14.9059712	18.632464	20.12306112	99.51219512	7.452985599	22.19512195	4.471791359	76.58536585	29.26829268
HER666MLM_ACZ46588_Avian_1999	A	10.440939	14.91562715	17.89875257	20.13609665	99.51219512	7.457813573	22.19512195	4.474688144	76.58536585	26.58536585
RWZ202FNS_AER09395_Avian_2009.083333	A	10.42328744	10.42328744	15.63493116	17.12397222	99.6969697	5.956164251	24.54545455	3.722602657	72.72727273	25.45454545
NBH237KKU_ABV47730_Avian_2004	A	9.664306831	9.664306831	15.61157257	17.09838901	100	5.947265742	24.76780186	2.973632871	73.374613	21.67182663
JZG465PLF_ACZ46655_Avian_1986	A	11.19515945	14.92687927	19.40494305	20.15128702	99.27007299	7.463439635	22.14111922	4.478063781	76.39902676	29.19708029
UNA340MLB_AFX88607_Avian_1989.597222	A	9.694213261	12.67704811	18.64271781	24.60838751	99.49748744	9.694213261	23.86934673	2.237126137	76.13065327	25.6281407
SAO093UOR_ACZ46717_Avian_1995	A	11.14261251	11.88545334	18.57102085	20.05670252	98.22335025	7.42840834	22.58883249	4.457045004	74.87309645	25.88832487
YWJ713LHP_ACZ46718_Avian_1995	A	11.20802328	11.95522483	17.93283724	20.1744419	99.73684211	7.472015519	23.15789474	4.483209311	75.26315789	24.47368421
MCD853MQE_AEK65204_Avian_2002	A	9.01721357	14.27725482	18.7858616	22.54303393	99.51100244	10.5200825	23.22738386	3.757172321	76.52811736	25.42787286
LCV751NIS_AEO52547_Avian_2008.333333	A	8.817981382	8.0831496	14.69663564	13.96180386	98.88475836	3.674158909	27.13754647	2.204495346	69.51672862	22.30483271
YRW098JOK_AEM00342_Avian_2006	A	7.49848978	13.4972816	15.74682854	22.49546934	99.47089947	11.24773467	23.54497354	3.74924489	75.3968254	24.86772487
JRF509AQK_AGN69167_Avian_2012.083333	A	8.946595687	8.201046047	16.40209209	14.91099281	99.6835443	6.709946766	23.10126582	4.473297844	75.3164557	25.94936709
JNK130HSP_AGN69170_Avian_2013.166667	A	8.943535981	8.198241316	16.39648263	14.9058933	99.6835443	6.707651986	23.10126582	4.471767991	75.3164557	25.94936709
PPE318EAV_AJJ92384_Avian_2013.95	A	8.987452431	12.73222428	17.22595049	20.22176797	99.51219512	11.98326991	21.95121951	3.744771846	76.58536585	23.41463415
WON321UUQ_BAM71825_Avian_2012.619444	A	2.277528479	9.869290076	9.869290076	15.18352319	99.25093633	10.62846624	26.96629213	2.277528479	74.90636704	23.97003745
DYV177GVR_ADK35398_Avian_2009.113889	A	21.13236844	15.84927633	21.13236844	24.15127822	100	12.83036655	22.06185567	5.283092111	77.31958763	27.01030928
ROA476LMA_ASB32484_Avian_2016.469444	A	10.46585429	15.69878144	22.42683063	26.91219675	99.59839357	12.70853735	22.48995984	5.980488167	75.90361446	26.30522088
NOE399KOD_AIZ69657_Avian_2012	A	11.27824554	15.03766073	22.55649109	27.06778931	99.79879276	12.03012858	22.53521127	4.511298218	77.06237425	25.35211268
ORK960USC_ABV47488_Avian_2005	A	8.930520392	9.674730425	16.37262072	17.11683075	100	5.953680262	24.76780186	2.976840131	73.374613	21.67182663
VRN193XPI_AGK23736_Avian_2008.002778	A	11.26091057	16.51600217	22.52182114	27.77691274	99.5991984	13.51309268	22.24448898	4.504364228	78.55711423	26.45290581
RLB101BQX_AGC74237_Avian_2012	A	9.778652	16.548488	24.070528	22.56612	99.59839357	13.539672	20.68273092	4.513224	78.31325301	26.90763052
KIE277LVZ_AGC74238_Avian_2012	A	11.99902636	18.74847869	25.49793101	20.99829613	99.59839357	12.74896551	20.68273092	2.99975659	78.31325301	26.90763052
YNF896DWU_BAM33999_Avian_2012.3	A	2.28092642	9.123705681	10.64432329	15.20617613	99.61538462	10.64432329	26.15384615	2.28092642	75.38461538	28.07692308
LPX426YCM_BAM73596_Avian_2012.616667	A	2.278758884	10.63420813	10.63420813	15.19172589	99.25373134	10.63420813	26.86567164	2.278758884	75	24.25373134
XOR173KYL_ACY29877_Avian_2005	A	10.45698925	16.43241168	21.6609063	27.63632873	99.7979798	13.44470046	22.42424242	4.481566821	77.37373737	26.46464646
SZI087BCA_APG38621_Avian_2013.152778	A	9.684882531	9.684882531	15.64481024	17.13479217	99.69230769	5.959927712	24.61538462	4.469945784	72.92307692	21.53846154
KWT580ACL_ABV46663_Avian_2004	A	8.930372574	9.674570289	15.628152	17.11654743	100	5.953581716	24.76780186	3.720988573	73.374613	21.67182663
BVT616EFC_APG38720_Avian_2013.302778	A	9.681827928	9.681827928	15.63987588	17.12938787	99.38650307	5.958047956	24.5398773	4.468535967	73.6196319	21.47239264
ULS703FPR_APG38610_Avian_2013.35	A	9.686650045	10.43177697	15.64766546	17.13791931	100	5.961015412	24.69512195	4.470761559	73.17073171	21.34146341
MZA827RCL_APG38643_Avian_2013.258333	A	9.693194646	10.438825	15.65823751	17.14949822	100	5.965042859	24.39759036	4.473782144	72.28915663	25.30120482
SVL973PDU_APG38632_Avian_2013.186111	A	9.714894824	10.46219443	15.69329164	17.18789084	100	5.978396815	24.03560831	5.231097213	74.48071217	25.22255193
TMT214ETD_AGJ73009_Avian_2009.441667	A	1.518220163	8.350210898	7.591100817	11.38665122	99.51690821	9.10932098	22.22222222	1.518220163	73.42995169	27.0531401
XMB311EQJ_AJE62158_Avian_2013.133333	A	5.243743346	11.98569908	12.73480527	17.22944242	99.43342776	11.98569908	25.77903683	2.247318577	75.35410765	23.51274788
SEG538TER_ACZ46649_Avian_2002	A	3.048871883	8.384397678	7.622179708	12.19548753	99.15254237	9.90883362	26.27118644	2.286653912	74.15254237	27.11864407
HDR448WOY_APG39161_Avian_2013.347222	A	9.692767891	10.43836542	15.65754813	17.14874319	99.69879518	5.964780241	24.09638554	4.47358518	71.98795181	25
MID936PFY_APG39172_Avian_2013.35	A	9.678896897	10.42342743	15.63514114	17.1242022	99.07692308	5.956244244	24.30769231	4.467183183	73.23076923	25.23076923
ZJF805VLR_BAM21520_Avian_2012.133333	A	3.811307924	8.384877433	9.909400602	15.2452317	99.23954373	10.67166219	26.61596958	3.049046339	75.2851711	24.7148289
BEC846QTB_BAM76335_Avian_2012.769444	A	2.278389807	9.11355923	9.873022499	15.18926538	99.25093633	10.63248577	26.96629213	3.037853077	74.90636704	23.97003745
CKP709VUR_ADE21696_Avian_2004.083333	A	4.497573504	9.744742593	12.74312493	13.49272051	98.56630824	8.245551425	24.01433692	2.248786752	77.41935484	25.44802867
OGW330PMJ_BAG07131_Avian_2007	A	0.759859485	4.559156908	4.559156908	9.118313815	96.77419355	6.078875877	22.58064516	0	72.58064516	20.96774194
FME973RRB_BAS21903_Avian_2014.666667	A	3.777976552	10.57833435	11.33392966	14.3563109	98.18181818	9.822739035	22.54545455	2.266785931	78.54545455	27.27272727
KAN812BMW_ABD65991_Avian_2002	A	4.472495054	10.43582179	13.41748516	14.162901	99.65156794	9.690405951	22.29965157	2.236247527	77.35191638	28.91986063
ZRQ516XWY_ABD65983_Avian_1998	A	4.46731374	10.42373206	12.65738893	14.14649351	99.65156794	9.67917977	22.29965157	2.23365687	77.00348432	28.91986063
ZDL704FFH_BAM75585_Avian_2012.772222	A	2.28295354	9.131814161	10.65378319	15.21969027	99.61685824	10.65378319	26.43678161	2.28295354	75.4789272	24.5210728
HHS005FWV_BAM35598_Avian_2012.291667	A	3.794103771	10.62349056	9.864669804	15.17641508	99.26739927	11.38231131	25.27472527	2.276462262	75.45787546	23.07692308
DAN360OTG_ACU82466_Avian_2005.655556	A	2.282978839	8.370922408	10.65390125	13.69787303	99.18699187	10.65390125	27.64227642	2.282978839	73.57723577	28.86178862
MWM025KRT_BAM76355_Avian_2012.772222	A	3.050670505	10.67734677	10.67734677	15.25335253	99.24528302	9.152011515	26.41509434	1.525335253	74.71698113	24.1509434
BFU426XYT_BAM76325_Avian_2012.772222	A	3.809942483	10.66783895	8.381873462	15.23976993	99.26199262	10.66783895	25.46125461	2.28596549	75.27675277	25.09225092
IBC634KSE_BAM76305_Avian_2012.772222	A	3.803701313	10.65036368	9.889623413	15.21480525	99.26199262	11.41110394	27.67527675	2.282220788	75.27675277	22.50922509
AEG993HQX_APG38808_Avian_2013.277778	A	5.251856228	10.50371246	12.75450798	16.50583386	99.36305732	11.25397763	23.56687898	2.250795526	77.38853503	25.15923567
ZGX381YWY_BAM78516_Avian_2012.611111	A	3.04571028	8.375703269	9.898558408	14.46712383	99.18699187	10.65998598	28.04878049	2.28428271	74.79674797	26.42276423
WCB837PGY_BAM71886_Avian_2012.611111	A	2.281905465	9.12762186	9.888257015	15.2127031	99.61538462	10.64889217	26.15384615	2.281905465	75.38461538	28.07692308
CST060HKB_BAM78196_Avian_2012.611111	A	3.050230081	9.150690243	9.913247763	13.72603536	98.7854251	9.150690243	26.72064777	2.287672561	76.92307692	25.50607287
IGI851EYP_BAM73606_Avian_2012.611111	A	3.045862242	9.137586727	9.899052287	15.22931121	100	10.66051785	25.96899225	2.284396682	74.80620155	27.90697674
NQT779VSP_BAM78206_Avian_2012.611111	A	3.046627779	9.139883337	9.901540282	14.47148195	99.609375	10.66319723	26.171875	2.284970834	75.390625	28.125
IYE265RZA_BAR71098_Avian_2013.283333	A	12.00802552	17.26153668	22.51504784	27.76855901	99.5991984	13.50902871	22.24448898	5.253511163	77.55511022	26.45290581
TYE212FWR_ADT80606_Avian_2010.933333	A	11.14205558	11.14205558	17.08448522	17.08448522	100	7.428037052	22.86501377	5.199625937	74.1046832	25.34435262
QRP206EBJ_AER09562_Avian_2011	A	10.4038374	11.89009989	18.57828107	20.06454356	99.48586118	7.43131243	22.87917738	5.201918701	73.5218509	24.16452442
JGU233UVI_AER09595_Avian_2011	A	10.44763414	11.9401533	17.91022995	20.1490087	99.7382199	7.462595814	23.03664921	5.22381707	74.34554974	24.34554974
IIZ969ANJ_ACY06439_Suidae_2007	P	0.754633209	4.527799256	4.527799256	6.791698884	96.61016949	6.037065675	22.03389831	0	71.18644068	19.49152542
KQE534YRI_ADG59261_Avian_2004	A	12.74096767	15.73884242	22.4840606	27.7303414	99.59758551	14.23990504	22.93762575	3.747343433	78.67203219	25.95573441
TGO474KYP_ALQ12466_Avian_2015.419444	A	9.761953113	13.51655046	21.77666464	27.7840204	99.59839357	13.51655046	21.28514056	4.505516821	77.71084337	27.91164659
TRQ727JDU_ACE73593_Avian_2008	A	10.47040959	15.70561438	21.68870557	27.67179676	99.59839357	13.46195518	22.28915663	4.487318394	77.71084337	26.5060241
CIV620GWJ_BAL04276_Avian_2011	A	3.003013787	10.51054826	10.51054826	12.7628086	97.64705882	8.258287915	18.43137255	2.25226034	76.8627451	27.84313725
SUO675QOZ_BAL04286_Avian_2011	A	6.696414408	12.64878277	16.369013	17.85710509	99.21052632	9.672598589	21.31578947	3.720230226	78.68421053	23.15789474
IRO137XAS_BAL04296_Avian_2011	A	6.711568192	12.67740659	17.15178538	17.89751518	99.74293059	10.44021719	23.3933162	3.728648996	77.37789203	22.87917738
WSM804KAN_BAL04662_Avian_2011	A	8.946749904	12.67456236	17.14793732	17.89349981	98.97435897	9.692312396	19.74358974	3.72781246	78.20512821	24.1025641
XGP754UBT_BAL04324_Avian_2011	A	6.703856893	12.6628408	15.64233275	17.87695172	99.7311828	9.683348846	25.53763441	3.724364941	78.76344086	22.04301075
TBB378RJW_BAL04467_Avian_2011	A	6.729956221	12.71213953	16.4510041	18.69432284	99.23076923	11.96436662	25.38461538	3.738864567	75.8974359	21.79487179
VTO533PLH_BAL04306_Avian_2011	A	6.724509143	12.7018506	16.43768902	18.67919206	99.22680412	10.46034756	24.74226804	3.735838413	76.80412371	22.93814433
IML870SRG_BAL14150_Avian_2011.102778	A	1.519831625	7.599158125	6.839242313	8.359073938	98.42105263	6.839242313	27.36842105	2.279747438	77.89473684	24.73684211
HAK890WDN_APG38797_Avian_2013.511111	A	8.148424674	8.889190553	15.55608347	16.29684935	99.02597403	5.926127035	23.37662338	2.963063518	73.7012987	26.62337662
ONV422ISJ_ACE73584_Avian_2007	A	8.977163672	13.46574551	19.45052129	23.93910312	98.84792627	10.47335762	21.42857143	4.488581836	78.34101382	28.11059908
VLA897DLA_AHB73805_Avian_2012.2	A	1.505821807	4.51746542	4.51746542	6.77619813	95.68965517	5.270376323	25	0	72.4137931	17.24137931
SOZ798ZYT_APG39150_Avian_2013.355556	A	9.70142875	10.4476925	15.67153875	17.16406625	100	5.97011	23.35329341	4.4775825	73.95209581	25.1497006
CNF663OQK_APG38775_Avian_2013.433333	A	9.69113383	10.43660566	15.65490849	17.14585216	100	5.963774665	24.39759036	3.727359165	72.28915663	25.30120482
TTG830QWI_ACY80358_Avian_2007	A	9.686216431	14.90187143	18.62733929	20.11752643	99.27007299	7.450935716	22.14111922	4.47056143	76.39902676	25.30413625
CYD362LOW_ACY80351_Avian_2007	A	9.677795774	14.14447075	18.61114572	20.10003738	100	8.188904117	21.98067633	4.466674973	75.84541063	28.98550725
YLS489DFC_ACY80353_Avian_2007	A	9.667141509	13.38527286	18.59065675	20.07790929	99.51219512	7.436262699	22.19512195	4.46175762	76.58536585	25.36585366
RCN911XHA_ACZ46654_Avian_2007	A	9.688114396	14.15955181	18.63098922	20.12146836	100	7.452395689	22.14111922	4.471437414	76.39902676	25.30413625
USW462JAW_ACY80356_Avian_2007	A	9.68260703	14.15150258	18.62039813	20.85484591	99.51219512	7.448159254	22.19512195	4.468895552	76.58536585	25.36585366
CML818FVJ_ACY80344_Avian_2007	A	9.689335736	14.16133684	18.63333795	20.12400499	99.51219512	7.453335181	22.19512195	4.472001109	76.58536585	25.36585366
JPL477ZFF_ABV46460_Avian_2003	A	8.9155391	9.658500691	16.34515502	17.08811661	100	5.943692733	24.76780186	2.971846367	73.374613	21.67182663
YMB775SNT_ABV46482_Avian_2003	A	8.941181582	9.686280047	16.39216623	17.1372647	100	5.960787721	25.07739938	2.980393861	73.374613	21.3622291
SYD552AZI_ABV48313_Avian_2004	A	8.92370423	9.66734625	15.6164824	17.10376644	100	5.949136154	24.76780186	2.974568077	73.374613	21.67182663
BZL721IFQ_ABV47290_Avian_2004	A	8.916739275	9.659800882	14.11817052	17.09041694	100	5.94449285	24.76780186	2.972246425	73.374613	21.67182663
DBW349TKH_ACZ46644_Avian_2002	A	6.680877413	5.9385577	10.39247598	11.13479569	96.07843137	1.484639425	25.98039216	2.226959138	77.45098039	17.15686275
XGT417JLS_ABV47950_Avian_2003	A	8.929388761	9.673504491	14.8823146	17.11466179	100	5.95292584	24.76780186	2.97646292	73.374613	21.67182663
KOY047FGV_ABV47191_Avian_2002	A	8.881751014	8.141605096	14.80291836	16.28321019	98.03278689	5.181021425	25.24590164	2.960583671	76.39344262	22.62295082
GHB842UHJ_ACZ46641_Avian_2004	A	9.638576055	11.86286284	17.79429425	20.01858104	98.22335025	7.414289273	22.58883249	4.448573564	73.60406091	25.88832487
LWS157HMC_ACY80355_Avian_2007	A	9.685492359	14.90075747	18.62594684	20.11602259	99.51219512	7.450378737	22.19512195	4.470227242	75.6097561	25.36585366
XIF343PNS_APG38764_Avian_2013.372222	A	9.702968237	10.44935041	15.67402561	17.16678996	100	5.971057376	24.03560831	4.478293032	74.48071217	25.22255193
SRX926WUS_APG38731_Avian_2013.541667	A	9.681852679	10.42661058	15.63991587	17.12943166	100	5.958063187	24.47129909	3.723789492	72.50755287	25.3776435
FBS814NZI_APG38753_Avian_2013.363889	A	9.67446592	10.41865561	15.62798341	17.11636278	100	5.953517489	24.69512195	3.720948431	73.17073171	21.34146341
RBY145SMJ_ACH43143_Avian_2006.15	A	9.665632007	11.15265232	17.10073355	17.8442437	99.71751412	7.435101544	23.16384181	4.461060926	74.01129944	24.29378531
MWV082QIE_ACH43154_Avian_2006.138889	A	9.639847654	11.12290114	17.05511508	16.31358834	98.85714286	7.415267426	23.14285714	4.449160456	74.57142857	24.57142857
VNZ360EAT_ACH43165_Avian_2006.130556	A	10.42136726	11.16575064	17.12081764	17.86520102	99.44444444	7.443833758	23.05555556	5.210683631	74.72222222	23.88888889
ZDD147RZP_ABV48203_Avian_2004	A	8.930443635	9.674647271	14.88407273	17.11668363	100	5.95362909	24.76780186	2.976814545	73.374613	21.67182663
TDW597RVZ_BAM33989_Avian_2012.297222	A	2.281540436	9.126161742	9.886675221	15.21026957	99.23076923	10.6471887	25.76923077	2.281540436	75.76923077	27.69230769
TEM724YPP_ACZ46609_Avian_1949	A	4.47704444	10.44643703	13.43113332	13.43113332	98.55595668	8.954088879	21.66064982	2.23852222	78.70036101	30.68592058
NLG055VYE_BAM35588_Avian_2012.291667	A	3.796436315	10.63002168	9.87073442	15.18574526	99.26470588	11.38930895	25	2.277861789	75.36764706	22.79411765
AHE525TUG_ABV47070_Avian_2002	A	8.907632181	8.907632181	15.58835632	17.07296168	100	5.938421454	23.65930599	2.969210727	73.8170347	25.23659306
SXP802TWK_AGG12524_Avian_2009.747222	A	5.28459854	12.83402503	14.34391032	18.11862357	99.46949602	12.07908238	25.99469496	3.774713243	75.066313	20.95490716
BXJ817WSR_ADL64058_Avian_2004.144444	A	8.165433197	8.165433197	15.58855429	12.61930585	97.79874214	5.938496871	16.35220126	4.453872653	78.6163522	25.78616352
ZBF164REI_ADL64068_Avian_2004.280556	A	8.14806292	8.14806292	14.81465985	12.59246088	97.79874214	5.925863942	16.35220126	4.444397956	78.6163522	25.47169811
BQP335EPM_AGL96842_Avian_2006.666667	A	11.19784617	17.17003079	23.88873849	25.38178464	99.59839357	13.4374154	22.28915663	4.479138467	78.31325301	26.5060241
GGX109PWL_AQW43433_Avian_2014.994444	A	8.213205794	12.69313623	20.15968695	17.91972173	99.50372208	11.94648115	24.81389578	3.733275361	76.67493797	22.82878412
ERV270WET_ADI79242_Avian_2006.15	A	11.20516814	17.18125781	23.9043587	26.14539232	99.6007984	13.44620177	22.15568862	4.482067255	76.24750499	26.34730539
MSF284WYQ_ABV47444_Avian_2005	A	8.9330884	10.42193647	15.6329047	16.37732873	100	5.210968233	24.14860681	2.977696133	73.374613	26.00619195
CKD181SKI_ADX99477_Avian_2010.002778	A	11.19598454	17.1671763	23.13836805	26.8703629	99.59758551	13.43518145	22.33400402	4.478393817	77.06237425	26.55935614
CUZ541WQZ_ABV47499_Avian_2002	A	9.689408929	10.43474808	15.65212212	17.14280041	100	5.962713187	24.76780186	2.981356593	73.374613	21.67182663
TGB241KEK_ABV47576_Avian_2004	A	9.687040258	10.4321972	15.6482958	17.13860969	100	5.961255543	24.76780186	2.980627772	73.374613	26.00619195